META|version=2|duration_s=20|interval_ms=250|top_n=10|kernel=6.6.118-android15-8-g2e6b9c3812c5-ab15114928-4k|read_only=yes
FIELDS|THREAD|seq|rank|tgid|tid|uid|comm|runtime_ms|runtime_pct|runq_wait_ms|slices|cpu_start|cpu_end|allowed|uclamp_min|uclamp_max|uclamp_max_eff|migrations_total|vol_ctx_total|nonvol_ctx_total
WINDOW|seq=1|t_cs=16138475|wall_ms=280|threads=269|busy_threads=20|total_runtime_ms=38.561|total_runq_wait_ms=14.684|tgids=5032,10622,19900,26538
THREAD|1|1|19900|16857|10521|UnityGfxDeviceW|11.118|3.9|1.250|56|3|5|2-7|0|1024|1024|273|983|131
THREAD|1|2|19900|16207|10521|UnityMain|9.874|3.5|0.923|22|5|3|2-7|0|1024|1024|424|1010|565
THREAD|1|3|19900|17031|10521|UnityChoreograp|4.641|1.6|0.680|21|2|2|2-7|0|1024|1024|148|302|145
THREAD|1|4|19900|19900|10521|o.mv2.epicgames|2.968|1.0|0.322|28|2|1|0-7|0|1024|1024|5831|6815|527
THREAD|1|5|19900|25985|10521|Thread-10|2.288|0.8|4.129|46|1|1|0-7|0|1024|1024|371|424|113
THREAD|1|6|19900|16151|10521|binder:19900_4|1.679|0.5|0.625|13|5|4|0-7|0|1024|1024|59|72|16
THREAD|1|7|19900|16679|10521|Background_Job.|1.058|0.3|0.171|8|4|5|2-7|0|1024|1024|65|127|5
THREAD|1|8|19900|16137|10521|binder:19900_2|0.833|0.2|0.568|8|0|0|0-7|0|1024|1024|100|137|23
THREAD|1|9|19900|25999|10521|UnityGfxDeviceW|0.779|0.2|0.000|16|2|3|2-7|0|1024|1024|70|205|3
THREAD|1|10|19900|26215|10521|Filter0|0.746|0.2|2.351|18|3|3|0-7|0|1024|1024|108|213|10
WINDOW|seq=2|t_cs=16138502|wall_ms=270|threads=268|busy_threads=19|total_runtime_ms=43.272|total_runq_wait_ms=42.944|tgids=5032,10622,19900,26538
THREAD|2|1|19900|16857|10521|UnityGfxDeviceW|12.657|4.6|3.452|57|5|4|2-7|0|1024|1024|289|1026|141
THREAD|2|2|19900|16207|10521|UnityMain|10.396|3.8|3.177|29|3|4|2-7|0|1024|1024|435|1026|571
THREAD|2|3|19900|17031|10521|UnityChoreograp|5.945|2.2|2.211|23|2|2|2-7|0|1024|1024|154|317|150
THREAD|2|4|19900|19900|10521|o.mv2.epicgames|3.488|1.2|4.645|27|1|1|0-7|0|1024|1024|5846|6840|527
THREAD|2|5|19900|25985|10521|Thread-10|2.443|0.9|5.150|38|1|4|0-7|0|1024|1024|402|454|121
THREAD|2|6|19900|16137|10521|binder:19900_2|1.307|0.4|0.478|10|0|0|0-7|0|1024|1024|107|146|24
THREAD|2|7|19900|16679|10521|Background_Job.|1.289|0.4|0.442|8|5|4|2-7|0|1024|1024|69|135|5
THREAD|2|8|19900|16151|10521|binder:19900_4|1.040|0.3|1.629|7|4|3|0-7|0|1024|1024|68|80|16
THREAD|2|9|19900|26215|10521|Filter0|0.995|0.3|6.095|19|3|3|0-7|0|1024|1024|122|227|13
THREAD|2|10|19900|25999|10521|UnityGfxDeviceW|0.663|0.2|0.057|16|3|3|2-7|0|1024|1024|73|221|3
WINDOW|seq=3|t_cs=16138527|wall_ms=250|threads=268|busy_threads=19|total_runtime_ms=34.378|total_runq_wait_ms=18.659|tgids=5032,10622,19900,26538
THREAD|3|1|19900|16857|10521|UnityGfxDeviceW|10.289|4.1|2.097|50|4|5|2-7|0|1024|1024|309|1076|148
THREAD|3|2|19900|16207|10521|UnityMain|7.963|3.1|0.999|19|4|4|2-7|0|1024|1024|445|1042|578
THREAD|3|3|19900|17031|10521|UnityChoreograp|4.681|1.8|0.433|19|2|4|2-7|0|1024|1024|158|333|156
THREAD|3|4|19900|19900|10521|o.mv2.epicgames|3.667|1.4|0.098|24|1|0|0-7|0|1024|1024|5859|6866|527
THREAD|3|5|19900|25985|10521|Thread-10|1.956|0.7|2.834|42|4|0|0-7|0|1024|1024|435|486|132
THREAD|3|6|19900|16137|10521|binder:19900_2|0.994|0.3|0.610|9|0|2|0-7|0|1024|1024|115|157|26
THREAD|3|7|19900|16679|10521|Background_Job.|0.979|0.3|0.451|9|4|3|2-7|0|1024|1024|73|143|6
THREAD|3|8|19900|16151|10521|binder:19900_4|0.738|0.2|0.710|7|3|1|0-7|0|1024|1024|77|85|17
THREAD|3|9|19900|26215|10521|Filter0|0.607|0.2|3.367|16|3|3|0-7|0|1024|1024|134|243|14
THREAD|3|10|19900|16653|10521|Job.Worker_1|0.512|0.2|0.827|14|4|3|2-7|0|1024|1024|104|236|31
WINDOW|seq=4|t_cs=16138552|wall_ms=250|threads=268|busy_threads=21|total_runtime_ms=34.337|total_runq_wait_ms=20.230|tgids=5032,10622,19900,26538
THREAD|4|1|19900|16857|10521|UnityGfxDeviceW|9.338|3.7|0.777|58|5|3|2-7|0|1024|1024|320|1124|154
THREAD|4|2|19900|16207|10521|UnityMain|9.093|3.6|1.605|32|4|5|2-7|0|1024|1024|460|1057|593
THREAD|4|3|19900|17031|10521|UnityChoreograp|4.034|1.6|1.348|20|4|2|2-7|0|1024|1024|165|348|161
THREAD|4|4|19900|19900|10521|o.mv2.epicgames|3.914|1.5|0.976|26|0|1|0-7|0|1024|1024|5876|6891|528
THREAD|4|5|19900|25985|10521|Thread-10|2.051|0.8|4.391|44|0|0|0-7|0|1024|1024|459|516|148
THREAD|4|6|19900|16137|10521|binder:19900_2|1.028|0.4|0.535|11|2|0|0-7|0|1024|1024|119|162|26
THREAD|4|7|19900|16679|10521|Background_Job.|0.846|0.3|0.219|8|3|5|2-7|0|1024|1024|79|150|7
THREAD|4|8|19900|26215|10521|Filter0|0.757|0.3|5.559|19|3|5|0-7|0|1024|1024|147|258|19
THREAD|4|9|19900|16210|10521|binder:19900_5|0.630|0.2|0.004|4|3|3|0-7|0|1024|1024|56|80|18
THREAD|4|10|19900|16653|10521|Job.Worker_1|0.592|0.2|0.384|12|3|3|2-7|0|1024|1024|108|248|32
WINDOW|seq=5|t_cs=16138578|wall_ms=260|threads=268|busy_threads=19|total_runtime_ms=39.165|total_runq_wait_ms=15.830|tgids=5032,10622,19900,26538
THREAD|5|1|19900|16857|10521|UnityGfxDeviceW|11.193|4.3|1.527|61|3|5|2-7|0|1024|1024|341|1185|155
THREAD|5|2|19900|16207|10521|UnityMain|8.713|3.3|1.312|17|5|4|2-7|0|1024|1024|471|1073|596
THREAD|5|3|19900|17031|10521|UnityChoreograp|5.029|1.9|1.310|28|2|5|0-5|0|1024|1024|177|364|171
THREAD|5|4|19900|19900|10521|o.mv2.epicgames|2.655|1.0|0.184|27|1|1|0-5|0|1024|1024|5895|6917|529
THREAD|5|5|19900|17080|10521|HttpManager|2.304|0.8|0.102|33|3|5|2-7|0|1024|1024|702|3770|24
THREAD|5|6|19900|25985|10521|Thread-10|2.004|0.7|2.532|40|0|0|0-7|0|1024|1024|488|548|155
THREAD|5|7|19900|16210|10521|binder:19900_5|1.899|0.7|0.549|14|3|0|0-5|0|1024|1024|68|90|22
THREAD|5|8|19900|16679|10521|Background_Job.|1.098|0.4|0.088|8|5|5|2-7|0|1024|1024|82|158|7
THREAD|5|9|19900|16653|10521|Job.Worker_1|0.934|0.3|1.412|13|3|3|0-5|0|1024|1024|115|259|34
THREAD|5|10|19900|26215|10521|Filter0|0.688|0.2|2.162|19|5|0|0-7|0|1024|1024|157|275|22
WINDOW|seq=6|t_cs=16138607|wall_ms=290|threads=268|busy_threads=20|total_runtime_ms=54.876|total_runq_wait_ms=11.851|tgids=5032,10622,19900,26538
THREAD|6|1|19900|16857|10521|UnityGfxDeviceW|15.879|5.4|0.694|58|5|3|2-7|0|1024|1024|359|1243|156
THREAD|6|2|19900|16207|10521|UnityMain|12.604|4.3|0.469|23|4|3|2-7|0|1024|1024|483|1090|600
THREAD|6|3|19900|17031|10521|UnityChoreograp|6.252|2.1|0.014|18|5|4|0-5|0|1024|1024|188|382|171
THREAD|6|4|19900|19900|10521|o.mv2.epicgames|4.439|1.5|0.118|28|1|1|0-5|0|1024|1024|5914|6946|529
THREAD|6|5|19900|25985|10521|Thread-10|4.206|1.4|0.444|44|0|0|0-7|0|1024|1024|517|584|161
THREAD|6|6|19900|16210|10521|binder:19900_5|1.664|0.5|1.591|13|0|2|0-5|0|1024|1024|79|103|22
THREAD|6|7|19900|16653|10521|Job.Worker_1|1.553|0.5|0.189|15|3|4|0-5|0|1024|1024|125|272|37
THREAD|6|8|19900|16679|10521|Background_Job.|1.549|0.5|0.000|9|5|4|2-7|0|1024|1024|86|167|7
THREAD|6|9|19900|26215|10521|Filter0|1.457|0.5|0.840|19|0|5|0-7|0|1024|1024|167|292|22
THREAD|6|10|19900|16149|10521|binder:19900_3|1.135|0.3|1.352|11|0|1|0-5|0|1024|1024|70|104|10
WINDOW|seq=7|t_cs=16138631|wall_ms=240|threads=267|busy_threads=20|total_runtime_ms=45.158|total_runq_wait_ms=12.374|tgids=5032,10622,19900,26538
THREAD|7|1|19900|16857|10521|UnityGfxDeviceW|14.520|6.0|0.085|42|3|3|2-7|0|1024|1024|380|1285|157
THREAD|7|2|19900|16207|10521|UnityMain|10.346|4.3|0.125|18|3|2|2-7|0|1024|1024|491|1105|604
THREAD|7|3|19900|17031|10521|UnityChoreograp|4.748|1.9|0.306|21|4|2|0-5|0|1024|1024|202|396|178
THREAD|7|4|19900|19900|10521|o.mv2.epicgames|3.258|1.3|0.639|24|1|1|0-5|0|1024|1024|5931|6969|529
THREAD|7|5|19900|25985|10521|Thread-10|3.053|1.2|0.364|32|0|0|0-7|0|1024|1024|542|612|168
THREAD|7|6|19900|16210|10521|binder:19900_5|1.482|0.6|2.478|13|2|2|0-5|0|1024|1024|92|115|23
THREAD|7|7|19900|16653|10521|Job.Worker_1|1.350|0.5|0.477|12|4|5|0-5|0|1024|1024|128|283|38
THREAD|7|8|19900|16679|10521|Background_Job.|1.134|0.4|0.145|7|4|5|2-7|0|1024|1024|90|174|7
THREAD|7|9|19900|26215|10521|Filter0|1.079|0.4|0.657|14|5|5|0-7|0|1024|1024|175|306|23
THREAD|7|10|19900|16664|10521|Job.Worker_3|0.743|0.3|0.350|13|1|3|0-5|0|1024|1024|106|234|9
WINDOW|seq=8|t_cs=16138656|wall_ms=250|threads=267|busy_threads=25|total_runtime_ms=38.180|total_runq_wait_ms=27.133|tgids=5032,10622,19900,26538
THREAD|8|1|19900|16857|10521|UnityGfxDeviceW|10.415|4.1|0.362|57|3|4|2-7|0|1024|1024|398|1335|162
THREAD|8|2|19900|16207|10521|UnityMain|8.987|3.5|0.185|21|2|4|2-7|0|1024|1024|503|1121|608
THREAD|8|3|19900|17031|10521|UnityChoreograp|4.053|1.6|0.128|16|2|3|0-5|0|1024|1024|214|410|182
THREAD|8|4|19900|19900|10521|o.mv2.epicgames|3.230|1.2|0.110|32|1|4|0-5|0|1024|1024|5946|6998|529
THREAD|8|5|19900|25985|10521|Thread-10|2.588|1.0|0.680|37|0|0|0-7|0|1024|1024|566|640|173
THREAD|8|6|19900|16210|10521|binder:19900_5|2.046|0.8|2.376|18|2|0|0-5|0|1024|1024|100|131|30
THREAD|8|7|19900|26215|10521|Filter0|1.245|0.4|1.299|22|5|4|0-7|0|1024|1024|190|321|28
THREAD|8|8|19900|16653|10521|Job.Worker_1|1.053|0.4|0.548|16|5|0|0-5|0|1024|1024|137|295|40
THREAD|8|9|19900|16679|10521|Background_Job.|0.898|0.3|0.248|8|5|3|2-7|0|1024|1024|94|181|7
THREAD|8|10|19900|16663|10521|Job.Worker_2|0.703|0.2|0.566|12|0|2|0-5|0|1024|1024|137|274|18
EVENT|seq=9|type=top_app_changed|from=5032,10622,19900,26538|to=5032,10622,22534,26538|t_cs=16138684
EVENT|seq=10|type=top_app_changed|from=5032,10622,22534,26538|to=5032,10622,22534,26538,27141,27172,30630|t_cs=16138718
WINDOW|seq=11|t_cs=16138734|wall_ms=160|threads=343|busy_threads=33|total_runtime_ms=291.697|total_runq_wait_ms=419.247|tgids=5032,10622,22534,26538,27141,27172,30630
THREAD|11|1|22534|27039|10192|ThreadPoolForeg|62.025|38.7|48.110|100|6|3|0-7|0|1024|1024|148|354|285
THREAD|11|2|22534|22534|10192|.android.chrome|52.840|33.0|0.100|483|6|6|0-7|0|1024|1024|119|1337|7
THREAD|11|3|22534|26965|10192|ThreadPoolForeg|37.139|23.2|41.584|332|1|1|0-7|0|1024|1024|339|809|376
THREAD|11|4|22534|27292|10192|ComponentLayout|19.464|12.1|50.214|41|4|6|0-7|0|1024|1024|6|8|89
THREAD|11|5|22534|27038|10192|ThreadPoolForeg|18.123|11.3|42.869|224|5|3|0-7|0|1024|1024|245|508|267
THREAD|11|6|22534|27046|10192|RenderThread|16.304|10.1|0.139|35|0|2|0-7|0|1024|1024|60|125|5
THREAD|11|7|22534|27000|10192|ThreadPoolForeg|16.134|10.0|37.090|240|0|3|0-7|0|1024|1024|223|491|208
THREAD|11|8|22534|26894|10192|Jit_thread_pool|16.106|10.0|29.862|26|0|6|0-7|0|1024|1024|1|4|24
THREAD|11|9|22534|27090|10192|NetworkService|14.265|8.9|30.521|171|3|0|0-7|0|1024|1024|97|322|297
THREAD|11|10|22534|27300|10192|glide-disk-cach|11.049|6.9|31.465|42|5|1|0-7|0|1024|1024|7|27|55
WINDOW|seq=12|t_cs=16138761|wall_ms=270|threads=347|busy_threads=12|total_runtime_ms=40.076|total_runq_wait_ms=1.052|tgids=5032,10622,22534,26538,27141,27172,30630
THREAD|12|1|22534|27090|10192|NetworkService|16.166|5.9|0.566|59|0|1|0-7|0|1024|1024|117|386|298
THREAD|12|2|22534|22534|10192|.android.chrome|11.916|4.4|0.000|45|6|6|0-7|0|1024|1024|121|1382|7
THREAD|12|3|22534|26965|10192|ThreadPoolForeg|6.449|2.3|0.441|53|1|0|0-7|0|1024|1024|341|831|376
THREAD|12|4|27172|27305|10192|VizCompositorTh|1.983|0.7|0.020|30|4|2|0-7|0|1024|1024|45|98|0
THREAD|12|5|27141|27236|90000|Compositor|1.576|0.5|0.004|16|2|1|0-7|0|1024|1024|17|50|0
THREAD|12|6|22534|27000|10192|ThreadPoolForeg|0.986|0.3|0.000|12|3|3|0-7|0|1024|1024|225|503|208
THREAD|12|7|26538|26538|10195|putmethod.latin|0.533|0.1|0.000|1|0|0|0-7|0|1024|1024|102656|160763|27430
THREAD|12|8|22534|27111|10192|binder:22534_4|0.189|0.0|0.019|3|2|4|0-7|0|1024|1024|18|35|7
THREAD|12|9|22534|26992|10192|queued-work-loo|0.114|0.0|0.000|3|2|2|0-7|0|1024|1024|7|22|21
THREAD|12|10|22534|27048|10192|Chrome_ProcessL|0.071|0.0|0.000|1|1|0|0-7|0|1024|1024|24|24|30
WINDOW|seq=13|t_cs=16138787|wall_ms=260|threads=347|busy_threads=18|total_runtime_ms=86.897|total_runq_wait_ms=2.122|tgids=5032,10622,22534,26538,27141,27172,30630
THREAD|13|1|22534|26965|10192|ThreadPoolForeg|23.749|9.1|0.155|69|0|1|0-7|0|1024|1024|353|899|378
THREAD|13|2|22534|22534|10192|.android.chrome|21.519|8.2|0.021|99|6|6|0-7|0|1024|1024|123|1469|7
THREAD|13|3|22534|27046|10192|RenderThread|17.639|6.7|0.093|17|2|0|0-7|0|1024|1024|66|138|9
THREAD|13|4|22534|27090|10192|NetworkService|7.320|2.8|0.160|28|1|1|0-7|0|1024|1024|124|408|298
THREAD|13|5|22534|27000|10192|ThreadPoolForeg|4.243|1.6|0.488|46|3|4|0-7|0|1024|1024|234|547|211
THREAD|13|6|22534|26983|10192|ThreadPoolForeg|3.130|1.2|0.042|38|2|3|0-7|0|1024|1024|183|448|254
THREAD|13|7|22534|27038|10192|ThreadPoolForeg|1.982|0.7|0.523|9|3|4|0-7|0|1024|1024|246|516|268
THREAD|13|8|27172|27305|10192|VizCompositorTh|1.904|0.7|0.000|28|2|0|0-7|0|1024|1024|60|122|0
THREAD|13|9|27141|27236|90000|Compositor|1.851|0.7|0.000|16|1|2|0-7|0|1024|1024|22|63|0
THREAD|13|10|22534|27091|10192|ThreadPoolForeg|1.219|0.4|0.263|10|0|5|0-7|0|1024|1024|78|159|78
WINDOW|seq=14|t_cs=16138813|wall_ms=260|threads=348|busy_threads=17|total_runtime_ms=7.023|total_runq_wait_ms=0.018|tgids=5032,10622,22534,26538,27141,27172,30630
THREAD|14|1|22534|22534|10192|.android.chrome|3.272|1.2|0.000|4|6|6|0-7|0|1024|1024|123|1472|7
THREAD|14|2|22534|27090|10192|NetworkService|1.376|0.5|0.000|3|1|1|0-7|0|1024|1024|124|408|298
THREAD|14|3|27141|27213|90000|CrRendererMain|0.438|0.1|0.000|2|2|2|0-7|0|1024|1024|36|66|15
THREAD|14|4|22534|26965|10192|ThreadPoolForeg|0.332|0.1|0.000|7|1|5|0-7|0|1024|1024|353|899|378
THREAD|14|5|22534|26923|10192|oplus.view.bg|0.273|0.1|0.000|1|5|3|0-7|0|1024|1024|2|3|3
THREAD|14|6|22534|26983|10192|ThreadPoolForeg|0.250|0.0|0.000|1|3|2|0-7|0|1024|1024|183|448|254
THREAD|14|7|22534|27086|10192|Chrome_IOThread|0.162|0.0|0.000|3|0|0|0-7|0|1024|1024|104|264|11
THREAD|14|8|27172|27172|10192|ileged_process0|0.161|0.0|0.000|1|1|1|0-7|0|1024|1024|8|17|106
THREAD|14|9|27141|27141|90000|ocessService0:0|0.157|0.0|0.000|1|4|4|0-7|0|1024|1024|5|12|66
THREAD|14|10|22534|27048|10192|Chrome_ProcessL|0.132|0.0|0.000|1|0|0|0-7|0|1024|1024|24|25|30
WINDOW|seq=15|t_cs=16138839|wall_ms=260|threads=348|busy_threads=5|total_runtime_ms=0.588|total_runq_wait_ms=0.000|tgids=5032,10622,22534,26538,27141,27172,30630
THREAD|15|1|22534|22534|10192|.android.chrome|0.325|0.1|0.000|4|6|6|0-7|0|1024|1024|123|1476|7
THREAD|15|2|27172|27307|10192|CompositorGpuTh|0.103|0.0|0.000|1|6|1|0-7|0|1024|1024|12|17|79
THREAD|15|3|22534|26963|10192|ThreadPoolServi|0.082|0.0|0.000|1|5|5|0-7|0|1024|1024|5|11|6
THREAD|15|4|22534|26965|10192|ThreadPoolForeg|0.057|0.0|0.000|1|5|2|0-7|0|1024|1024|354|900|378
THREAD|15|5|27141|27236|90000|Compositor|0.020|0.0|0.000|1|2|2|0-7|0|1024|1024|22|64|0
THREAD|15|6|30630|9782|10324|binder:30630_7|0.000|0.0|0.000|0|0|0|0-7|0|1024|1024|246|472|239
THREAD|15|7|26538|9612|10195|binder:26538_8|0.000|0.0|0.000|0|2|2|0-7|0|1024|1024|3358|6435|3306
THREAD|15|8|26538|9470|10195|binder:26538_B|0.000|0.0|0.000|0|6|6|0-7|0|1024|1024|2531|4304|2105
THREAD|15|9|10622|8513|10201|ExoPlayer:Playb|0.000|0.0|0.000|0|4|4|0-7|0|1024|1024|6463|10331|51
THREAD|15|10|10622|8509|10201|ExoPlayer:Playb|0.000|0.0|0.000|0|1|1|0-7|0|1024|1024|6331|10327|49
WINDOW|seq=16|t_cs=16138865|wall_ms=260|threads=348|busy_threads=2|total_runtime_ms=0.178|total_runq_wait_ms=0.000|tgids=5032,10622,22534,26538,27141,27172,30630
THREAD|16|1|22534|22534|10192|.android.chrome|0.126|0.0|0.000|1|6|6|0-7|0|1024|1024|123|1476|7
THREAD|16|2|22534|26895|10192|HeapTaskDaemon|0.052|0.0|0.000|1|0|0|0-7|0|1024|1024|1|3|1
THREAD|16|3|30630|9782|10324|binder:30630_7|0.000|0.0|0.000|0|0|0|0-7|0|1024|1024|246|472|239
THREAD|16|4|26538|9612|10195|binder:26538_8|0.000|0.0|0.000|0|2|2|0-7|0|1024|1024|3358|6435|3306
THREAD|16|5|26538|9470|10195|binder:26538_B|0.000|0.0|0.000|0|6|6|0-7|0|1024|1024|2531|4304|2105
THREAD|16|6|10622|8513|10201|ExoPlayer:Playb|0.000|0.0|0.000|0|4|4|0-7|0|1024|1024|6463|10331|51
THREAD|16|7|10622|8509|10201|ExoPlayer:Playb|0.000|0.0|0.000|0|1|1|0-7|0|1024|1024|6331|10327|49
THREAD|16|8|26538|8364|10195|IMM.binder-emu|0.000|0.0|0.000|0|2|2|0-7|0|1024|1024|15737|23850|1039
THREAD|16|9|26538|8336|10195|Primes-Jank|0.000|0.0|0.000|0|4|4|0-7|0|1024|1024|16074|23866|1131
THREAD|16|10|5032|7304|10117|DefaultDispatch|0.000|0.0|0.000|0|0|0|0-7|0|1024|1024|536|1319|123
WINDOW|seq=17|t_cs=16138892|wall_ms=270|threads=348|busy_threads=5|total_runtime_ms=0.423|total_runq_wait_ms=0.000|tgids=5032,10622,22534,26538,27141,27172,30630
THREAD|17|1|22534|22534|10192|.android.chrome|0.166|0.0|0.000|1|6|1|0-7|0|1024|1024|124|1477|7
THREAD|17|2|27141|27163|90000|HeapTaskDaemon|0.117|0.0|0.000|1|5|1|0-7|0|1024|1024|1|3|1
THREAD|17|3|22534|26963|10192|ThreadPoolServi|0.071|0.0|0.000|1|5|5|0-7|0|1024|1024|5|12|6
THREAD|17|4|22534|26965|10192|ThreadPoolForeg|0.047|0.0|0.000|1|2|4|0-7|0|1024|1024|355|901|378
THREAD|17|5|27172|27191|10192|HeapTaskDaemon|0.020|0.0|0.000|1|0|0|0-7|0|1024|1024|2|3|1
THREAD|17|6|30630|9782|10324|binder:30630_7|0.000|0.0|0.000|0|0|0|0-7|0|1024|1024|246|472|239
THREAD|17|7|26538|9612|10195|binder:26538_8|0.000|0.0|0.000|0|2|2|0-7|0|1024|1024|3358|6435|3306
THREAD|17|8|26538|9470|10195|binder:26538_B|0.000|0.0|0.000|0|6|6|0-7|0|1024|1024|2531|4304|2105
THREAD|17|9|10622|8513|10201|ExoPlayer:Playb|0.000|0.0|0.000|0|4|4|0-7|0|1024|1024|6463|10331|51
THREAD|17|10|10622|8509|10201|ExoPlayer:Playb|0.000|0.0|0.000|0|1|1|0-7|0|1024|1024|6331|10327|49
WINDOW|seq=18|t_cs=16138918|wall_ms=260|threads=348|busy_threads=6|total_runtime_ms=1.209|total_runq_wait_ms=0.045|tgids=5032,10622,22534,26538,27141,27172,30630
THREAD|18|1|27141|27213|90000|CrRendererMain|0.380|0.1|0.000|1|2|5|0-7|0|1024|1024|37|67|15
THREAD|18|2|22534|22534|10192|.android.chrome|0.312|0.1|0.000|2|1|1|0-7|0|1024|1024|128|1482|7
THREAD|18|3|27141|27229|90000|Chrome_ChildIOT|0.239|0.0|0.045|5|1|0|0-7|0|1024|1024|68|210|0
THREAD|18|4|27172|27307|10192|CompositorGpuTh|0.149|0.0|0.000|1|1|0|0-7|0|1024|1024|13|18|79
THREAD|18|5|27172|27239|10192|CrGpuMain|0.079|0.0|0.000|1|2|1|0-7|0|1024|1024|107|208|33
THREAD|18|6|22534|26965|10192|ThreadPoolForeg|0.048|0.0|0.000|1|4|4|0-7|0|1024|1024|355|904|379
THREAD|18|7|30630|9782|10324|binder:30630_7|0.000|0.0|0.000|0|0|0|0-7|0|1024|1024|246|472|239
THREAD|18|8|26538|9612|10195|binder:26538_8|0.000|0.0|0.000|0|2|2|0-7|0|1024|1024|3358|6435|3306
THREAD|18|9|26538|9470|10195|binder:26538_B|0.000|0.0|0.000|0|6|6|0-7|0|1024|1024|2531|4304|2105
THREAD|18|10|10622|8513|10201|ExoPlayer:Playb|0.000|0.0|0.000|0|4|4|0-7|0|1024|1024|6463|10331|51
WINDOW|seq=19|t_cs=16138945|wall_ms=270|threads=348|busy_threads=8|total_runtime_ms=45.626|total_runq_wait_ms=1.343|tgids=5032,10622,22534,26538,27141,27172,30630
THREAD|19|1|22534|26895|10192|HeapTaskDaemon|35.175|13.0|0.336|5|0|7|0-7|0|1024|1024|3|4|5
THREAD|19|2|22534|26896|10192|ReferenceQueueD|6.691|2.4|0.057|3|3|1|0-7|0|1024|1024|2|3|2
THREAD|19|3|22534|26897|10192|FinalizerDaemon|2.060|0.7|0.888|4|3|1|0-7|0|1024|1024|4|2|4
THREAD|19|4|22534|26965|10192|ThreadPoolForeg|1.041|0.3|0.060|3|4|4|0-7|0|1024|1024|355|904|379
THREAD|19|5|22534|27086|10192|Chrome_IOThread|0.280|0.1|0.000|5|0|1|0-7|0|1024|1024|106|269|11
THREAD|19|6|22534|22534|10192|.android.chrome|0.269|0.0|0.000|3|1|1|0-7|0|1024|1024|129|1483|7
THREAD|19|7|22534|26898|10192|FinalizerWatchd|0.073|0.0|0.000|1|0|1|0-7|0|1024|1024|1|2|0
THREAD|19|8|22534|27111|10192|binder:22534_4|0.035|0.0|0.000|1|4|4|0-7|0|1024|1024|19|38|7
THREAD|19|9|30630|9782|10324|binder:30630_7|0.000|0.0|0.000|0|0|0|0-7|0|1024|1024|246|472|239
THREAD|19|10|26538|9612|10195|binder:26538_8|0.000|0.0|0.000|0|2|2|0-7|0|1024|1024|3358|6435|3306
WINDOW|seq=20|t_cs=16138972|wall_ms=270|threads=348|busy_threads=3|total_runtime_ms=2.048|total_runq_wait_ms=0.450|tgids=5032,10622,22534,26538,27141,27172,30630
THREAD|20|1|22534|26965|10192|ThreadPoolForeg|1.444|0.5|0.379|7|4|0|0-7|0|1024|1024|356|909|381
THREAD|20|2|22534|22534|10192|.android.chrome|0.409|0.1|0.000|2|1|0|0-7|0|1024|1024|131|1486|7
THREAD|20|3|22534|26963|10192|ThreadPoolServi|0.194|0.0|0.070|2|5|0|0-7|0|1024|1024|6|13|7
THREAD|20|4|30630|9782|10324|binder:30630_7|0.000|0.0|0.000|0|0|0|0-7|0|1024|1024|246|472|239
THREAD|20|5|26538|9612|10195|binder:26538_8|0.000|0.0|0.000|0|2|2|0-7|0|1024|1024|3358|6435|3306
THREAD|20|6|26538|9470|10195|binder:26538_B|0.000|0.0|0.000|0|6|6|0-7|0|1024|1024|2531|4304|2105
THREAD|20|7|10622|8513|10201|ExoPlayer:Playb|0.000|0.0|0.000|0|4|4|0-7|0|1024|1024|6463|10331|51
THREAD|20|8|10622|8509|10201|ExoPlayer:Playb|0.000|0.0|0.000|0|1|1|0-7|0|1024|1024|6331|10327|49
THREAD|20|9|26538|8364|10195|IMM.binder-emu|0.000|0.0|0.000|0|2|2|0-7|0|1024|1024|15737|23850|1039
THREAD|20|10|26538|8336|10195|Primes-Jank|0.000|0.0|0.000|0|4|4|0-7|0|1024|1024|16074|23866|1131
WINDOW|seq=21|t_cs=16138996|wall_ms=240|threads=348|busy_threads=3|total_runtime_ms=0.581|total_runq_wait_ms=0.000|tgids=5032,10622,22534,26538,27141,27172,30630
THREAD|21|1|22534|22534|10192|.android.chrome|0.433|0.1|0.000|4|0|1|0-7|0|1024|1024|133|1490|7
THREAD|21|2|22534|27011|10192|SAFE_BROWSING_A|0.120|0.0|0.000|1|2|5|0-7|0|1024|1024|8|7|4
THREAD|21|3|22534|27111|10192|binder:22534_4|0.026|0.0|0.000|1|4|0|0-7|0|1024|1024|20|39|7
THREAD|21|4|30630|9782|10324|binder:30630_7|0.000|0.0|0.000|0|0|0|0-7|0|1024|1024|246|472|239
THREAD|21|5|26538|9612|10195|binder:26538_8|0.000|0.0|0.000|0|2|2|0-7|0|1024|1024|3358|6435|3306
THREAD|21|6|26538|9470|10195|binder:26538_B|0.000|0.0|0.000|0|6|6|0-7|0|1024|1024|2531|4304|2105
THREAD|21|7|10622|8513|10201|ExoPlayer:Playb|0.000|0.0|0.000|0|4|4|0-7|0|1024|1024|6463|10331|51
THREAD|21|8|10622|8509|10201|ExoPlayer:Playb|0.000|0.0|0.000|0|1|1|0-7|0|1024|1024|6331|10327|49
THREAD|21|9|26538|8364|10195|IMM.binder-emu|0.000|0.0|0.000|0|2|2|0-7|0|1024|1024|15737|23850|1039
THREAD|21|10|26538|8336|10195|Primes-Jank|0.000|0.0|0.000|0|4|4|0-7|0|1024|1024|16074|23866|1131
WINDOW|seq=22|t_cs=16139023|wall_ms=270|threads=348|busy_threads=1|total_runtime_ms=0.401|total_runq_wait_ms=0.000|tgids=5032,10622,22534,26538,27141,27172,30630
THREAD|22|1|22534|22534|10192|.android.chrome|0.401|0.1|0.000|2|1|0|0-7|0|1024|1024|133|1490|7
THREAD|22|2|30630|9782|10324|binder:30630_7|0.000|0.0|0.000|0|0|0|0-7|0|1024|1024|246|472|239
THREAD|22|3|26538|9612|10195|binder:26538_8|0.000|0.0|0.000|0|2|2|0-7|0|1024|1024|3358|6435|3306
THREAD|22|4|26538|9470|10195|binder:26538_B|0.000|0.0|0.000|0|6|6|0-7|0|1024|1024|2531|4304|2105
THREAD|22|5|10622|8513|10201|ExoPlayer:Playb|0.000|0.0|0.000|0|4|4|0-7|0|1024|1024|6463|10331|51
THREAD|22|6|10622|8509|10201|ExoPlayer:Playb|0.000|0.0|0.000|0|1|1|0-7|0|1024|1024|6331|10327|49
THREAD|22|7|26538|8364|10195|IMM.binder-emu|0.000|0.0|0.000|0|2|2|0-7|0|1024|1024|15737|23850|1039
THREAD|22|8|26538|8336|10195|Primes-Jank|0.000|0.0|0.000|0|4|4|0-7|0|1024|1024|16074|23866|1131
THREAD|22|9|5032|7304|10117|DefaultDispatch|0.000|0.0|0.000|0|0|0|0-7|0|1024|1024|536|1319|123
THREAD|22|10|5032|7262|10117|DefaultDispatch|0.000|0.0|0.000|0|0|0|0-7|0|1024|1024|504|1374|93
WINDOW|seq=23|t_cs=16139051|wall_ms=280|threads=348|busy_threads=0|total_runtime_ms=0.000|total_runq_wait_ms=0.000|tgids=5032,10622,22534,26538,27141,27172,30630
THREAD|23|1|30630|9782|10324|binder:30630_7|0.000|0.0|0.000|0|0|0|0-7|0|1024|1024|246|472|239
THREAD|23|2|26538|9612|10195|binder:26538_8|0.000|0.0|0.000|0|2|2|0-7|0|1024|1024|3358|6435|3306
THREAD|23|3|26538|9470|10195|binder:26538_B|0.000|0.0|0.000|0|6|6|0-7|0|1024|1024|2531|4304|2105
THREAD|23|4|10622|8513|10201|ExoPlayer:Playb|0.000|0.0|0.000|0|4|4|0-7|0|1024|1024|6463|10331|51
THREAD|23|5|10622|8509|10201|ExoPlayer:Playb|0.000|0.0|0.000|0|1|1|0-7|0|1024|1024|6331|10327|49
THREAD|23|6|26538|8364|10195|IMM.binder-emu|0.000|0.0|0.000|0|2|2|0-7|0|1024|1024|15737|23850|1039
THREAD|23|7|26538|8336|10195|Primes-Jank|0.000|0.0|0.000|0|4|4|0-7|0|1024|1024|16074|23866|1131
THREAD|23|8|5032|7304|10117|DefaultDispatch|0.000|0.0|0.000|0|0|0|0-7|0|1024|1024|536|1319|123
THREAD|23|9|5032|7262|10117|DefaultDispatch|0.000|0.0|0.000|0|0|0|0-7|0|1024|1024|504|1374|93
THREAD|23|10|26538|5842|10195|glide-active-re|0.000|0.0|0.000|0|3|3|0-7|0|1024|1024|4|8|4
WINDOW|seq=24|t_cs=16139076|wall_ms=250|threads=348|busy_threads=0|total_runtime_ms=0.000|total_runq_wait_ms=0.000|tgids=5032,10622,22534,26538,27141,27172,30630
THREAD|24|1|30630|9782|10324|binder:30630_7|0.000|0.0|0.000|0|0|0|0-7|0|1024|1024|246|472|239
THREAD|24|2|26538|9612|10195|binder:26538_8|0.000|0.0|0.000|0|2|2|0-7|0|1024|1024|3358|6435|3306
THREAD|24|3|26538|9470|10195|binder:26538_B|0.000|0.0|0.000|0|6|6|0-7|0|1024|1024|2531|4304|2105
THREAD|24|4|10622|8513|10201|ExoPlayer:Playb|0.000|0.0|0.000|0|4|4|0-7|0|1024|1024|6463|10331|51
THREAD|24|5|10622|8509|10201|ExoPlayer:Playb|0.000|0.0|0.000|0|1|1|0-7|0|1024|1024|6331|10327|49
THREAD|24|6|26538|8364|10195|IMM.binder-emu|0.000|0.0|0.000|0|2|2|0-7|0|1024|1024|15737|23850|1039
THREAD|24|7|26538|8336|10195|Primes-Jank|0.000|0.0|0.000|0|4|4|0-7|0|1024|1024|16074|23866|1131
THREAD|24|8|5032|7304|10117|DefaultDispatch|0.000|0.0|0.000|0|0|0|0-7|0|1024|1024|536|1319|123
THREAD|24|9|5032|7262|10117|DefaultDispatch|0.000|0.0|0.000|0|0|0|0-7|0|1024|1024|504|1374|93
THREAD|24|10|26538|5842|10195|glide-active-re|0.000|0.0|0.000|0|3|3|0-7|0|1024|1024|4|8|4
WINDOW|seq=25|t_cs=16139103|wall_ms=270|threads=347|busy_threads=3|total_runtime_ms=1.571|total_runq_wait_ms=0.068|tgids=5032,10622,22534,26538,27141,27172,30630
THREAD|25|1|27172|27305|10192|VizCompositorTh|1.000|0.3|0.000|5|0|0|0-7|0|1024|1024|69|132|0
THREAD|25|2|27141|27213|90000|CrRendererMain|0.329|0.1|0.000|1|5|5|0-7|0|1024|1024|37|68|15
THREAD|25|3|27141|27229|90000|Chrome_ChildIOT|0.242|0.0|0.068|4|0|0|0-7|0|1024|1024|70|213|1
THREAD|25|4|30630|9782|10324|binder:30630_7|0.000|0.0|0.000|0|0|0|0-7|0|1024|1024|246|472|239
THREAD|25|5|26538|9612|10195|binder:26538_8|0.000|0.0|0.000|0|2|2|0-7|0|1024|1024|3358|6435|3306
THREAD|25|6|26538|9470|10195|binder:26538_B|0.000|0.0|0.000|0|6|6|0-7|0|1024|1024|2531|4304|2105
THREAD|25|7|10622|8513|10201|ExoPlayer:Playb|0.000|0.0|0.000|0|4|4|0-7|0|1024|1024|6463|10331|51
THREAD|25|8|10622|8509|10201|ExoPlayer:Playb|0.000|0.0|0.000|0|1|1|0-7|0|1024|1024|6331|10327|49
THREAD|25|9|26538|8364|10195|IMM.binder-emu|0.000|0.0|0.000|0|2|2|0-7|0|1024|1024|15737|23850|1039
THREAD|25|10|26538|8336|10195|Primes-Jank|0.000|0.0|0.000|0|4|4|0-7|0|1024|1024|16074|23866|1131
WINDOW|seq=26|t_cs=16139127|wall_ms=240|threads=347|busy_threads=4|total_runtime_ms=2.340|total_runq_wait_ms=0.076|tgids=5032,10622,22534,26538,27141,27172,30630
THREAD|26|1|22534|22534|10192|.android.chrome|1.378|0.5|0.000|9|0|4|0-7|0|1024|1024|138|1499|7
THREAD|26|2|27172|27305|10192|VizCompositorTh|0.685|0.2|0.039|7|0|0|0-7|0|1024|1024|71|134|0
THREAD|26|3|22534|27086|10192|Chrome_IOThread|0.208|0.0|0.000|3|1|5|0-7|0|1024|1024|107|272|11
THREAD|26|4|22534|26898|10192|FinalizerWatchd|0.066|0.0|0.037|1|1|1|0-7|0|1024|1024|1|3|0
THREAD|26|5|30630|9782|10324|binder:30630_7|0.000|0.0|0.000|0|0|0|0-7|0|1024|1024|246|472|239
THREAD|26|6|26538|9612|10195|binder:26538_8|0.000|0.0|0.000|0|2|2|0-7|0|1024|1024|3358|6435|3306
THREAD|26|7|26538|9470|10195|binder:26538_B|0.000|0.0|0.000|0|6|6|0-7|0|1024|1024|2531|4304|2105
THREAD|26|8|10622|8513|10201|ExoPlayer:Playb|0.000|0.0|0.000|0|4|4|0-7|0|1024|1024|6463|10331|51
THREAD|26|9|10622|8509|10201|ExoPlayer:Playb|0.000|0.0|0.000|0|1|1|0-7|0|1024|1024|6331|10327|49
THREAD|26|10|26538|8364|10195|IMM.binder-emu|0.000|0.0|0.000|0|2|2|0-7|0|1024|1024|15737|23850|1039
WINDOW|seq=27|t_cs=16139152|wall_ms=250|threads=347|busy_threads=0|total_runtime_ms=0.000|total_runq_wait_ms=0.000|tgids=5032,10622,22534,26538,27141,27172,30630
THREAD|27|1|30630|9782|10324|binder:30630_7|0.000|0.0|0.000|0|0|0|0-7|0|1024|1024|246|472|239
THREAD|27|2|26538|9612|10195|binder:26538_8|0.000|0.0|0.000|0|2|2|0-7|0|1024|1024|3358|6435|3306
THREAD|27|3|26538|9470|10195|binder:26538_B|0.000|0.0|0.000|0|6|6|0-7|0|1024|1024|2531|4304|2105
THREAD|27|4|10622|8513|10201|ExoPlayer:Playb|0.000|0.0|0.000|0|4|4|0-7|0|1024|1024|6463|10331|51
THREAD|27|5|10622|8509|10201|ExoPlayer:Playb|0.000|0.0|0.000|0|1|1|0-7|0|1024|1024|6331|10327|49
THREAD|27|6|26538|8364|10195|IMM.binder-emu|0.000|0.0|0.000|0|2|2|0-7|0|1024|1024|15737|23850|1039
THREAD|27|7|26538|8336|10195|Primes-Jank|0.000|0.0|0.000|0|4|4|0-7|0|1024|1024|16074|23866|1131
THREAD|27|8|5032|7304|10117|DefaultDispatch|0.000|0.0|0.000|0|0|0|0-7|0|1024|1024|536|1319|123
THREAD|27|9|5032|7262|10117|DefaultDispatch|0.000|0.0|0.000|0|0|0|0-7|0|1024|1024|504|1374|93
THREAD|27|10|26538|5842|10195|glide-active-re|0.000|0.0|0.000|0|3|3|0-7|0|1024|1024|4|8|4
WINDOW|seq=28|t_cs=16139179|wall_ms=270|threads=347|busy_threads=2|total_runtime_ms=5.121|total_runq_wait_ms=0.000|tgids=5032,10622,22534,26538,27141,27172,30630
THREAD|28|1|22534|26940|10192|Profile_Saver|4.944|1.8|0.000|4|2|0|0-7|0|1024|1024|3|5|0
THREAD|28|2|22534|26895|10192|HeapTaskDaemon|0.177|0.0|0.000|1|7|7|0-7|0|1024|1024|3|5|5
THREAD|28|3|30630|9782|10324|binder:30630_7|0.000|0.0|0.000|0|0|0|0-7|0|1024|1024|246|472|239
THREAD|28|4|26538|9612|10195|binder:26538_8|0.000|0.0|0.000|0|2|2|0-7|0|1024|1024|3358|6435|3306
THREAD|28|5|26538|9470|10195|binder:26538_B|0.000|0.0|0.000|0|6|6|0-7|0|1024|1024|2531|4304|2105
THREAD|28|6|10622|8513|10201|ExoPlayer:Playb|0.000|0.0|0.000|0|4|4|0-7|0|1024|1024|6463|10331|51
THREAD|28|7|10622|8509|10201|ExoPlayer:Playb|0.000|0.0|0.000|0|1|1|0-7|0|1024|1024|6331|10327|49
THREAD|28|8|26538|8364|10195|IMM.binder-emu|0.000|0.0|0.000|0|2|2|0-7|0|1024|1024|15737|23850|1039
THREAD|28|9|26538|8336|10195|Primes-Jank|0.000|0.0|0.000|0|4|4|0-7|0|1024|1024|16074|23866|1131
THREAD|28|10|5032|7304|10117|DefaultDispatch|0.000|0.0|0.000|0|0|0|0-7|0|1024|1024|536|1319|123
WINDOW|seq=29|t_cs=16139203|wall_ms=240|threads=347|busy_threads=13|total_runtime_ms=26.622|total_runq_wait_ms=1.321|tgids=5032,10622,22534,26538,27141,27172,30630
THREAD|29|1|22534|22534|10192|.android.chrome|13.402|5.5|0.005|22|4|7|0-7|0|1024|1024|152|1532|9
THREAD|29|2|22534|26965|10192|ThreadPoolForeg|9.738|4.0|0.329|24|0|5|0-7|0|1024|1024|362|929|385
THREAD|29|3|27172|27219|10192|Profile_Saver|0.737|0.3|0.358|3|1|0|0-7|0|1024|1024|1|2|2
THREAD|29|4|27141|27163|90000|HeapTaskDaemon|0.616|0.2|0.000|1|1|3|0-7|0|1024|1024|2|4|1
THREAD|29|5|22534|27022|10192|GoogleApiHandle|0.576|0.2|0.322|9|5|0|0-7|0|1024|1024|29|91|121
THREAD|29|6|22534|27102|10192|ThreadPoolSingl|0.531|0.2|0.000|1|3|4|0-7|0|1024|1024|8|12|9
THREAD|29|7|22534|27111|10192|binder:22534_4|0.460|0.1|0.304|5|0|1|0-7|0|1024|1024|23|48|11
THREAD|29|8|27172|27191|10192|HeapTaskDaemon|0.356|0.1|0.000|1|0|5|0-7|0|1024|1024|3|4|1
THREAD|29|9|27141|27213|90000|CrRendererMain|0.059|0.0|0.000|1|5|5|0-7|0|1024|1024|37|69|15
THREAD|29|10|22534|27090|10192|NetworkService|0.056|0.0|0.000|1|1|1|0-7|0|1024|1024|124|409|298
WINDOW|seq=30|t_cs=16139231|wall_ms=280|threads=347|busy_threads=7|total_runtime_ms=15.126|total_runq_wait_ms=0.694|tgids=5032,10622,22534,26538,27141,27172,30630
THREAD|30|1|22534|22534|10192|.android.chrome|12.953|4.6|0.014|20|7|1|0-7|0|1024|1024|156|1539|9
THREAD|30|2|22534|27111|10192|binder:22534_4|1.425|0.5|0.127|8|1|0|0-7|0|1024|1024|23|48|11
THREAD|30|3|22534|27328|10192|binder:22534_6|0.294|0.1|0.168|5|5|0|0-7|0|1024|1024|3|8|1
THREAD|30|4|22534|26922|10192|binder:22534_3|0.275|0.0|0.318|8|3|5|0-7|0|1024|1024|19|35|15
THREAD|30|5|27172|27307|10192|CompositorGpuTh|0.103|0.0|0.000|1|0|0|0-7|0|1024|1024|13|19|79
THREAD|30|6|22534|26992|10192|queued-work-loo|0.042|0.0|0.000|1|0|0|0-7|0|1024|1024|11|28|22
THREAD|30|7|22534|26900|10192|binder:22534_2|0.031|0.0|0.064|3|0|0|0-7|0|1024|1024|24|35|23
THREAD|30|8|30630|9782|10324|binder:30630_7|0.000|0.0|0.000|0|0|0|0-7|0|1024|1024|246|472|239
THREAD|30|9|26538|9612|10195|binder:26538_8|0.000|0.0|0.000|0|2|2|0-7|0|1024|1024|3358|6435|3306
THREAD|30|10|26538|9470|10195|binder:26538_B|0.000|0.0|0.000|0|6|6|0-7|0|1024|1024|2531|4304|2105
WINDOW|seq=31|t_cs=16139255|wall_ms=240|threads=347|busy_threads=0|total_runtime_ms=0.000|total_runq_wait_ms=0.000|tgids=5032,10622,22534,26538,27141,27172,30630
THREAD|31|1|30630|9782|10324|binder:30630_7|0.000|0.0|0.000|0|0|0|0-7|0|1024|1024|246|472|239
THREAD|31|2|26538|9612|10195|binder:26538_8|0.000|0.0|0.000|0|2|2|0-7|0|1024|1024|3358|6435|3306
THREAD|31|3|26538|9470|10195|binder:26538_B|0.000|0.0|0.000|0|6|6|0-7|0|1024|1024|2531|4304|2105
THREAD|31|4|10622|8513|10201|ExoPlayer:Playb|0.000|0.0|0.000|0|4|4|0-7|0|1024|1024|6463|10331|51
THREAD|31|5|10622|8509|10201|ExoPlayer:Playb|0.000|0.0|0.000|0|1|1|0-7|0|1024|1024|6331|10327|49
THREAD|31|6|26538|8364|10195|IMM.binder-emu|0.000|0.0|0.000|0|2|2|0-7|0|1024|1024|15737|23850|1039
THREAD|31|7|26538|8336|10195|Primes-Jank|0.000|0.0|0.000|0|4|4|0-7|0|1024|1024|16074|23866|1131
THREAD|31|8|5032|7304|10117|DefaultDispatch|0.000|0.0|0.000|0|0|0|0-7|0|1024|1024|536|1319|123
THREAD|31|9|5032|7262|10117|DefaultDispatch|0.000|0.0|0.000|0|0|0|0-7|0|1024|1024|504|1374|93
THREAD|31|10|26538|5842|10195|glide-active-re|0.000|0.0|0.000|0|3|3|0-7|0|1024|1024|4|8|4
WINDOW|seq=32|t_cs=16139281|wall_ms=260|threads=347|busy_threads=0|total_runtime_ms=0.000|total_runq_wait_ms=0.000|tgids=5032,10622,22534,26538,27141,27172,30630
THREAD|32|1|30630|9782|10324|binder:30630_7|0.000|0.0|0.000|0|0|0|0-7|0|1024|1024|246|472|239
THREAD|32|2|26538|9612|10195|binder:26538_8|0.000|0.0|0.000|0|2|2|0-7|0|1024|1024|3358|6435|3306
THREAD|32|3|26538|9470|10195|binder:26538_B|0.000|0.0|0.000|0|6|6|0-7|0|1024|1024|2531|4304|2105
THREAD|32|4|10622|8513|10201|ExoPlayer:Playb|0.000|0.0|0.000|0|4|4|0-7|0|1024|1024|6463|10331|51
THREAD|32|5|10622|8509|10201|ExoPlayer:Playb|0.000|0.0|0.000|0|1|1|0-7|0|1024|1024|6331|10327|49
THREAD|32|6|26538|8364|10195|IMM.binder-emu|0.000|0.0|0.000|0|2|2|0-7|0|1024|1024|15737|23850|1039
THREAD|32|7|26538|8336|10195|Primes-Jank|0.000|0.0|0.000|0|4|4|0-7|0|1024|1024|16074|23866|1131
THREAD|32|8|5032|7304|10117|DefaultDispatch|0.000|0.0|0.000|0|0|0|0-7|0|1024|1024|536|1319|123
THREAD|32|9|5032|7262|10117|DefaultDispatch|0.000|0.0|0.000|0|0|0|0-7|0|1024|1024|504|1374|93
THREAD|32|10|26538|5842|10195|glide-active-re|0.000|0.0|0.000|0|3|3|0-7|0|1024|1024|4|8|4
WINDOW|seq=33|t_cs=16139308|wall_ms=270|threads=347|busy_threads=1|total_runtime_ms=0.637|total_runq_wait_ms=0.093|tgids=5032,10622,22534,26538,27141,27172,30630
THREAD|33|1|22534|22534|10192|.android.chrome|0.637|0.2|0.093|23|1|0|0-7|0|1024|1024|161|1562|9
THREAD|33|2|30630|9782|10324|binder:30630_7|0.000|0.0|0.000|0|0|0|0-7|0|1024|1024|246|472|239
THREAD|33|3|26538|9612|10195|binder:26538_8|0.000|0.0|0.000|0|2|2|0-7|0|1024|1024|3358|6435|3306
THREAD|33|4|26538|9470|10195|binder:26538_B|0.000|0.0|0.000|0|6|6|0-7|0|1024|1024|2531|4304|2105
THREAD|33|5|10622|8513|10201|ExoPlayer:Playb|0.000|0.0|0.000|0|4|4|0-7|0|1024|1024|6463|10331|51
THREAD|33|6|10622|8509|10201|ExoPlayer:Playb|0.000|0.0|0.000|0|1|1|0-7|0|1024|1024|6331|10327|49
THREAD|33|7|26538|8364|10195|IMM.binder-emu|0.000|0.0|0.000|0|2|2|0-7|0|1024|1024|15737|23850|1039
THREAD|33|8|26538|8336|10195|Primes-Jank|0.000|0.0|0.000|0|4|4|0-7|0|1024|1024|16074|23866|1131
THREAD|33|9|5032|7304|10117|DefaultDispatch|0.000|0.0|0.000|0|0|0|0-7|0|1024|1024|536|1319|123
THREAD|33|10|5032|7262|10117|DefaultDispatch|0.000|0.0|0.000|0|0|0|0-7|0|1024|1024|504|1374|93
WINDOW|seq=34|t_cs=16139334|wall_ms=260|threads=347|busy_threads=0|total_runtime_ms=0.000|total_runq_wait_ms=0.000|tgids=5032,10622,22534,26538,27141,27172,30630
THREAD|34|1|30630|9782|10324|binder:30630_7|0.000|0.0|0.000|0|0|0|0-7|0|1024|1024|246|472|239
THREAD|34|2|26538|9612|10195|binder:26538_8|0.000|0.0|0.000|0|2|2|0-7|0|1024|1024|3358|6435|3306
THREAD|34|3|26538|9470|10195|binder:26538_B|0.000|0.0|0.000|0|6|6|0-7|0|1024|1024|2531|4304|2105
THREAD|34|4|10622|8513|10201|ExoPlayer:Playb|0.000|0.0|0.000|0|4|4|0-7|0|1024|1024|6463|10331|51
THREAD|34|5|10622|8509|10201|ExoPlayer:Playb|0.000|0.0|0.000|0|1|1|0-7|0|1024|1024|6331|10327|49
THREAD|34|6|26538|8364|10195|IMM.binder-emu|0.000|0.0|0.000|0|2|2|0-7|0|1024|1024|15737|23850|1039
THREAD|34|7|26538|8336|10195|Primes-Jank|0.000|0.0|0.000|0|4|4|0-7|0|1024|1024|16074|23866|1131
THREAD|34|8|5032|7304|10117|DefaultDispatch|0.000|0.0|0.000|0|0|0|0-7|0|1024|1024|536|1319|123
THREAD|34|9|5032|7262|10117|DefaultDispatch|0.000|0.0|0.000|0|0|0|0-7|0|1024|1024|504|1374|93
THREAD|34|10|26538|5842|10195|glide-active-re|0.000|0.0|0.000|0|3|3|0-7|0|1024|1024|4|8|4
WINDOW|seq=35|t_cs=16139362|wall_ms=280|threads=347|busy_threads=0|total_runtime_ms=0.000|total_runq_wait_ms=0.000|tgids=5032,10622,22534,26538,27141,27172,30630
THREAD|35|1|30630|9782|10324|binder:30630_7|0.000|0.0|0.000|0|0|0|0-7|0|1024|1024|246|472|239
THREAD|35|2|26538|9612|10195|binder:26538_8|0.000|0.0|0.000|0|2|2|0-7|0|1024|1024|3358|6435|3306
THREAD|35|3|26538|9470|10195|binder:26538_B|0.000|0.0|0.000|0|6|6|0-7|0|1024|1024|2531|4304|2105
THREAD|35|4|10622|8513|10201|ExoPlayer:Playb|0.000|0.0|0.000|0|4|4|0-7|0|1024|1024|6463|10331|51
THREAD|35|5|10622|8509|10201|ExoPlayer:Playb|0.000|0.0|0.000|0|1|1|0-7|0|1024|1024|6331|10327|49
THREAD|35|6|26538|8364|10195|IMM.binder-emu|0.000|0.0|0.000|0|2|2|0-7|0|1024|1024|15737|23850|1039
THREAD|35|7|26538|8336|10195|Primes-Jank|0.000|0.0|0.000|0|4|4|0-7|0|1024|1024|16074|23866|1131
THREAD|35|8|5032|7304|10117|DefaultDispatch|0.000|0.0|0.000|0|0|0|0-7|0|1024|1024|536|1319|123
THREAD|35|9|5032|7262|10117|DefaultDispatch|0.000|0.0|0.000|0|0|0|0-7|0|1024|1024|504|1374|93
THREAD|35|10|26538|5842|10195|glide-active-re|0.000|0.0|0.000|0|3|3|0-7|0|1024|1024|4|8|4
WINDOW|seq=36|t_cs=16139387|wall_ms=250|threads=347|busy_threads=1|total_runtime_ms=0.237|total_runq_wait_ms=0.000|tgids=5032,10622,22534,26538,27141,27172,30630
THREAD|36|1|22534|22534|10192|.android.chrome|0.237|0.0|0.000|1|0|4|0-7|0|1024|1024|162|1563|9
THREAD|36|2|30630|9782|10324|binder:30630_7|0.000|0.0|0.000|0|0|0|0-7|0|1024|1024|246|472|239
THREAD|36|3|26538|9612|10195|binder:26538_8|0.000|0.0|0.000|0|2|2|0-7|0|1024|1024|3358|6435|3306
THREAD|36|4|26538|9470|10195|binder:26538_B|0.000|0.0|0.000|0|6|6|0-7|0|1024|1024|2531|4304|2105
THREAD|36|5|10622|8513|10201|ExoPlayer:Playb|0.000|0.0|0.000|0|4|4|0-7|0|1024|1024|6463|10331|51
THREAD|36|6|10622|8509|10201|ExoPlayer:Playb|0.000|0.0|0.000|0|1|1|0-7|0|1024|1024|6331|10327|49
THREAD|36|7|26538|8364|10195|IMM.binder-emu|0.000|0.0|0.000|0|2|2|0-7|0|1024|1024|15737|23850|1039
THREAD|36|8|26538|8336|10195|Primes-Jank|0.000|0.0|0.000|0|4|4|0-7|0|1024|1024|16074|23866|1131
THREAD|36|9|5032|7304|10117|DefaultDispatch|0.000|0.0|0.000|0|0|0|0-7|0|1024|1024|536|1319|123
THREAD|36|10|5032|7262|10117|DefaultDispatch|0.000|0.0|0.000|0|0|0|0-7|0|1024|1024|504|1374|93
WINDOW|seq=37|t_cs=16139412|wall_ms=250|threads=347|busy_threads=0|total_runtime_ms=0.000|total_runq_wait_ms=0.000|tgids=5032,10622,22534,26538,27141,27172,30630
THREAD|37|1|30630|9782|10324|binder:30630_7|0.000|0.0|0.000|0|0|0|0-7|0|1024|1024|246|472|239
THREAD|37|2|26538|9612|10195|binder:26538_8|0.000|0.0|0.000|0|2|2|0-7|0|1024|1024|3358|6435|3306
THREAD|37|3|26538|9470|10195|binder:26538_B|0.000|0.0|0.000|0|6|6|0-7|0|1024|1024|2531|4304|2105
THREAD|37|4|10622|8513|10201|ExoPlayer:Playb|0.000|0.0|0.000|0|4|4|0-7|0|1024|1024|6463|10331|51
THREAD|37|5|10622|8509|10201|ExoPlayer:Playb|0.000|0.0|0.000|0|1|1|0-7|0|1024|1024|6331|10327|49
THREAD|37|6|26538|8364|10195|IMM.binder-emu|0.000|0.0|0.000|0|2|2|0-7|0|1024|1024|15737|23850|1039
THREAD|37|7|26538|8336|10195|Primes-Jank|0.000|0.0|0.000|0|4|4|0-7|0|1024|1024|16074|23866|1131
THREAD|37|8|5032|7304|10117|DefaultDispatch|0.000|0.0|0.000|0|0|0|0-7|0|1024|1024|536|1319|123
THREAD|37|9|5032|7262|10117|DefaultDispatch|0.000|0.0|0.000|0|0|0|0-7|0|1024|1024|504|1374|93
THREAD|37|10|26538|5842|10195|glide-active-re|0.000|0.0|0.000|0|3|3|0-7|0|1024|1024|4|8|4
WINDOW|seq=38|t_cs=16139439|wall_ms=270|threads=347|busy_threads=1|total_runtime_ms=0.674|total_runq_wait_ms=0.000|tgids=5032,10622,22534,26538,27141,27172,30630
THREAD|38|1|22534|26895|10192|HeapTaskDaemon|0.674|0.2|0.000|1|7|1|0-7|0|1024|1024|4|6|5
THREAD|38|2|30630|9782|10324|binder:30630_7|0.000|0.0|0.000|0|0|0|0-7|0|1024|1024|246|472|239
THREAD|38|3|26538|9612|10195|binder:26538_8|0.000|0.0|0.000|0|2|2|0-7|0|1024|1024|3358|6435|3306
THREAD|38|4|26538|9470|10195|binder:26538_B|0.000|0.0|0.000|0|6|6|0-7|0|1024|1024|2531|4304|2105
THREAD|38|5|10622|8513|10201|ExoPlayer:Playb|0.000|0.0|0.000|0|4|4|0-7|0|1024|1024|6463|10331|51
THREAD|38|6|10622|8509|10201|ExoPlayer:Playb|0.000|0.0|0.000|0|1|1|0-7|0|1024|1024|6331|10327|49
THREAD|38|7|26538|8364|10195|IMM.binder-emu|0.000|0.0|0.000|0|2|2|0-7|0|1024|1024|15737|23850|1039
THREAD|38|8|26538|8336|10195|Primes-Jank|0.000|0.0|0.000|0|4|4|0-7|0|1024|1024|16074|23866|1131
THREAD|38|9|5032|7304|10117|DefaultDispatch|0.000|0.0|0.000|0|0|0|0-7|0|1024|1024|536|1319|123
THREAD|38|10|5032|7262|10117|DefaultDispatch|0.000|0.0|0.000|0|0|0|0-7|0|1024|1024|504|1374|93
WINDOW|seq=39|t_cs=16139464|wall_ms=250|threads=347|busy_threads=0|total_runtime_ms=0.000|total_runq_wait_ms=0.000|tgids=5032,10622,22534,26538,27141,27172,30630
THREAD|39|1|30630|9782|10324|binder:30630_7|0.000|0.0|0.000|0|0|0|0-7|0|1024|1024|246|472|239
THREAD|39|2|26538|9612|10195|binder:26538_8|0.000|0.0|0.000|0|2|2|0-7|0|1024|1024|3358|6435|3306
THREAD|39|3|26538|9470|10195|binder:26538_B|0.000|0.0|0.000|0|6|6|0-7|0|1024|1024|2531|4304|2105
THREAD|39|4|10622|8513|10201|ExoPlayer:Playb|0.000|0.0|0.000|0|4|4|0-7|0|1024|1024|6463|10331|51
THREAD|39|5|10622|8509|10201|ExoPlayer:Playb|0.000|0.0|0.000|0|1|1|0-7|0|1024|1024|6331|10327|49
THREAD|39|6|26538|8364|10195|IMM.binder-emu|0.000|0.0|0.000|0|2|2|0-7|0|1024|1024|15737|23850|1039
THREAD|39|7|26538|8336|10195|Primes-Jank|0.000|0.0|0.000|0|4|4|0-7|0|1024|1024|16074|23866|1131
THREAD|39|8|5032|7304|10117|DefaultDispatch|0.000|0.0|0.000|0|0|0|0-7|0|1024|1024|536|1319|123
THREAD|39|9|5032|7262|10117|DefaultDispatch|0.000|0.0|0.000|0|0|0|0-7|0|1024|1024|504|1374|93
THREAD|39|10|26538|5842|10195|glide-active-re|0.000|0.0|0.000|0|3|3|0-7|0|1024|1024|4|8|4
WINDOW|seq=40|t_cs=16139489|wall_ms=250|threads=347|busy_threads=0|total_runtime_ms=0.000|total_runq_wait_ms=0.000|tgids=5032,10622,22534,26538,27141,27172,30630
THREAD|40|1|30630|9782|10324|binder:30630_7|0.000|0.0|0.000|0|0|0|0-7|0|1024|1024|246|472|239
THREAD|40|2|26538|9612|10195|binder:26538_8|0.000|0.0|0.000|0|2|2|0-7|0|1024|1024|3358|6435|3306
THREAD|40|3|26538|9470|10195|binder:26538_B|0.000|0.0|0.000|0|6|6|0-7|0|1024|1024|2531|4304|2105
THREAD|40|4|10622|8513|10201|ExoPlayer:Playb|0.000|0.0|0.000|0|4|4|0-7|0|1024|1024|6463|10331|51
THREAD|40|5|10622|8509|10201|ExoPlayer:Playb|0.000|0.0|0.000|0|1|1|0-7|0|1024|1024|6331|10327|49
THREAD|40|6|26538|8364|10195|IMM.binder-emu|0.000|0.0|0.000|0|2|2|0-7|0|1024|1024|15737|23850|1039
THREAD|40|7|26538|8336|10195|Primes-Jank|0.000|0.0|0.000|0|4|4|0-7|0|1024|1024|16074|23866|1131
THREAD|40|8|5032|7304|10117|DefaultDispatch|0.000|0.0|0.000|0|0|0|0-7|0|1024|1024|536|1319|123
THREAD|40|9|5032|7262|10117|DefaultDispatch|0.000|0.0|0.000|0|0|0|0-7|0|1024|1024|504|1374|93
THREAD|40|10|26538|5842|10195|glide-active-re|0.000|0.0|0.000|0|3|3|0-7|0|1024|1024|4|8|4
WINDOW|seq=41|t_cs=16139515|wall_ms=260|threads=347|busy_threads=6|total_runtime_ms=1.251|total_runq_wait_ms=0.180|tgids=5032,10622,22534,26538,27141,27172,30630
THREAD|41|1|22534|26922|10192|binder:22534_3|0.323|0.1|0.036|11|5|5|0-7|0|1024|1024|21|46|15
THREAD|41|2|22534|27111|10192|binder:22534_4|0.288|0.1|0.042|7|0|5|0-7|0|1024|1024|25|54|12
THREAD|41|3|22534|27328|10192|binder:22534_6|0.233|0.0|0.030|9|0|4|0-7|0|1024|1024|6|16|2
THREAD|41|4|22534|26900|10192|binder:22534_2|0.199|0.0|0.007|4|0|2|0-7|0|1024|1024|27|39|23
THREAD|41|5|22534|27233|10192|binder:22534_5|0.131|0.0|0.023|6|6|3|0-7|0|1024|1024|10|22|9
THREAD|41|6|22534|26899|10192|binder:22534_1|0.074|0.0|0.041|3|4|3|0-7|0|1024|1024|25|35|20
THREAD|41|7|30630|9782|10324|binder:30630_7|0.000|0.0|0.000|0|0|0|0-7|0|1024|1024|246|472|239
THREAD|41|8|26538|9612|10195|binder:26538_8|0.000|0.0|0.000|0|2|2|0-7|0|1024|1024|3358|6435|3306
THREAD|41|9|26538|9470|10195|binder:26538_B|0.000|0.0|0.000|0|6|6|0-7|0|1024|1024|2531|4304|2105
THREAD|41|10|10622|8513|10201|ExoPlayer:Playb|0.000|0.0|0.000|0|4|4|0-7|0|1024|1024|6463|10331|51
WINDOW|seq=42|t_cs=16139541|wall_ms=260|threads=347|busy_threads=0|total_runtime_ms=0.000|total_runq_wait_ms=0.000|tgids=5032,10622,22534,26538,27141,27172,30630
THREAD|42|1|30630|9782|10324|binder:30630_7|0.000|0.0|0.000|0|0|0|0-7|0|1024|1024|246|472|239
THREAD|42|2|26538|9612|10195|binder:26538_8|0.000|0.0|0.000|0|2|2|0-7|0|1024|1024|3358|6435|3306
THREAD|42|3|26538|9470|10195|binder:26538_B|0.000|0.0|0.000|0|6|6|0-7|0|1024|1024|2531|4304|2105
THREAD|42|4|10622|8513|10201|ExoPlayer:Playb|0.000|0.0|0.000|0|4|4|0-7|0|1024|1024|6463|10331|51
THREAD|42|5|10622|8509|10201|ExoPlayer:Playb|0.000|0.0|0.000|0|1|1|0-7|0|1024|1024|6331|10327|49
THREAD|42|6|26538|8364|10195|IMM.binder-emu|0.000|0.0|0.000|0|2|2|0-7|0|1024|1024|15737|23850|1039
THREAD|42|7|26538|8336|10195|Primes-Jank|0.000|0.0|0.000|0|4|4|0-7|0|1024|1024|16074|23866|1131
THREAD|42|8|5032|7304|10117|DefaultDispatch|0.000|0.0|0.000|0|0|0|0-7|0|1024|1024|536|1319|123
THREAD|42|9|5032|7262|10117|DefaultDispatch|0.000|0.0|0.000|0|0|0|0-7|0|1024|1024|504|1374|93
THREAD|42|10|26538|5842|10195|glide-active-re|0.000|0.0|0.000|0|3|3|0-7|0|1024|1024|4|8|4
WINDOW|seq=43|t_cs=16139570|wall_ms=290|threads=347|busy_threads=0|total_runtime_ms=0.000|total_runq_wait_ms=0.000|tgids=5032,10622,22534,26538,27141,27172,30630
THREAD|43|1|30630|9782|10324|binder:30630_7|0.000|0.0|0.000|0|0|0|0-7|0|1024|1024|246|472|239
THREAD|43|2|26538|9612|10195|binder:26538_8|0.000|0.0|0.000|0|2|2|0-7|0|1024|1024|3358|6435|3306
THREAD|43|3|26538|9470|10195|binder:26538_B|0.000|0.0|0.000|0|6|6|0-7|0|1024|1024|2531|4304|2105
THREAD|43|4|10622|8513|10201|ExoPlayer:Playb|0.000|0.0|0.000|0|4|4|0-7|0|1024|1024|6463|10331|51
THREAD|43|5|10622|8509|10201|ExoPlayer:Playb|0.000|0.0|0.000|0|1|1|0-7|0|1024|1024|6331|10327|49
THREAD|43|6|26538|8364|10195|IMM.binder-emu|0.000|0.0|0.000|0|2|2|0-7|0|1024|1024|15737|23850|1039
THREAD|43|7|26538|8336|10195|Primes-Jank|0.000|0.0|0.000|0|4|4|0-7|0|1024|1024|16074|23866|1131
THREAD|43|8|5032|7304|10117|DefaultDispatch|0.000|0.0|0.000|0|0|0|0-7|0|1024|1024|536|1319|123
THREAD|43|9|5032|7262|10117|DefaultDispatch|0.000|0.0|0.000|0|0|0|0-7|0|1024|1024|504|1374|93
THREAD|43|10|26538|5842|10195|glide-active-re|0.000|0.0|0.000|0|3|3|0-7|0|1024|1024|4|8|4
WINDOW|seq=44|t_cs=16139596|wall_ms=260|threads=347|busy_threads=0|total_runtime_ms=0.000|total_runq_wait_ms=0.000|tgids=5032,10622,22534,26538,27141,27172,30630
THREAD|44|1|30630|9782|10324|binder:30630_7|0.000|0.0|0.000|0|0|0|0-7|0|1024|1024|246|472|239
THREAD|44|2|26538|9612|10195|binder:26538_8|0.000|0.0|0.000|0|2|2|0-7|0|1024|1024|3358|6435|3306
THREAD|44|3|26538|9470|10195|binder:26538_B|0.000|0.0|0.000|0|6|6|0-7|0|1024|1024|2531|4304|2105
THREAD|44|4|10622|8513|10201|ExoPlayer:Playb|0.000|0.0|0.000|0|4|4|0-7|0|1024|1024|6463|10331|51
THREAD|44|5|10622|8509|10201|ExoPlayer:Playb|0.000|0.0|0.000|0|1|1|0-7|0|1024|1024|6331|10327|49
THREAD|44|6|26538|8364|10195|IMM.binder-emu|0.000|0.0|0.000|0|2|2|0-7|0|1024|1024|15737|23850|1039
THREAD|44|7|26538|8336|10195|Primes-Jank|0.000|0.0|0.000|0|4|4|0-7|0|1024|1024|16074|23866|1131
THREAD|44|8|5032|7304|10117|DefaultDispatch|0.000|0.0|0.000|0|0|0|0-7|0|1024|1024|536|1319|123
THREAD|44|9|5032|7262|10117|DefaultDispatch|0.000|0.0|0.000|0|0|0|0-7|0|1024|1024|504|1374|93
THREAD|44|10|26538|5842|10195|glide-active-re|0.000|0.0|0.000|0|3|3|0-7|0|1024|1024|4|8|4
WINDOW|seq=45|t_cs=16139620|wall_ms=240|threads=347|busy_threads=0|total_runtime_ms=0.000|total_runq_wait_ms=0.000|tgids=5032,10622,22534,26538,27141,27172,30630
THREAD|45|1|30630|9782|10324|binder:30630_7|0.000|0.0|0.000|0|0|0|0-7|0|1024|1024|246|472|239
THREAD|45|2|26538|9612|10195|binder:26538_8|0.000|0.0|0.000|0|2|2|0-7|0|1024|1024|3358|6435|3306
THREAD|45|3|26538|9470|10195|binder:26538_B|0.000|0.0|0.000|0|6|6|0-7|0|1024|1024|2531|4304|2105
THREAD|45|4|10622|8513|10201|ExoPlayer:Playb|0.000|0.0|0.000|0|4|4|0-7|0|1024|1024|6463|10331|51
THREAD|45|5|10622|8509|10201|ExoPlayer:Playb|0.000|0.0|0.000|0|1|1|0-7|0|1024|1024|6331|10327|49
THREAD|45|6|26538|8364|10195|IMM.binder-emu|0.000|0.0|0.000|0|2|2|0-7|0|1024|1024|15737|23850|1039
THREAD|45|7|26538|8336|10195|Primes-Jank|0.000|0.0|0.000|0|4|4|0-7|0|1024|1024|16074|23866|1131
THREAD|45|8|5032|7304|10117|DefaultDispatch|0.000|0.0|0.000|0|0|0|0-7|0|1024|1024|536|1319|123
THREAD|45|9|5032|7262|10117|DefaultDispatch|0.000|0.0|0.000|0|0|0|0-7|0|1024|1024|504|1374|93
THREAD|45|10|26538|5842|10195|glide-active-re|0.000|0.0|0.000|0|3|3|0-7|0|1024|1024|4|8|4
WINDOW|seq=46|t_cs=16139647|wall_ms=270|threads=347|busy_threads=0|total_runtime_ms=0.000|total_runq_wait_ms=0.000|tgids=5032,10622,22534,26538,27141,27172,30630
THREAD|46|1|30630|9782|10324|binder:30630_7|0.000|0.0|0.000|0|0|0|0-7|0|1024|1024|246|472|239
THREAD|46|2|26538|9612|10195|binder:26538_8|0.000|0.0|0.000|0|2|2|0-7|0|1024|1024|3358|6435|3306
THREAD|46|3|26538|9470|10195|binder:26538_B|0.000|0.0|0.000|0|6|6|0-7|0|1024|1024|2531|4304|2105
THREAD|46|4|10622|8513|10201|ExoPlayer:Playb|0.000|0.0|0.000|0|4|4|0-7|0|1024|1024|6463|10331|51
THREAD|46|5|10622|8509|10201|ExoPlayer:Playb|0.000|0.0|0.000|0|1|1|0-7|0|1024|1024|6331|10327|49
THREAD|46|6|26538|8364|10195|IMM.binder-emu|0.000|0.0|0.000|0|2|2|0-7|0|1024|1024|15737|23850|1039
THREAD|46|7|26538|8336|10195|Primes-Jank|0.000|0.0|0.000|0|4|4|0-7|0|1024|1024|16074|23866|1131
THREAD|46|8|5032|7304|10117|DefaultDispatch|0.000|0.0|0.000|0|0|0|0-7|0|1024|1024|536|1319|123
THREAD|46|9|5032|7262|10117|DefaultDispatch|0.000|0.0|0.000|0|0|0|0-7|0|1024|1024|504|1374|93
THREAD|46|10|26538|5842|10195|glide-active-re|0.000|0.0|0.000|0|3|3|0-7|0|1024|1024|4|8|4
WINDOW|seq=47|t_cs=16139672|wall_ms=250|threads=346|busy_threads=1|total_runtime_ms=0.045|total_runq_wait_ms=0.000|tgids=5032,10622,22534,26538,27141,27172,30630
THREAD|47|1|22534|26895|10192|HeapTaskDaemon|0.045|0.0|0.000|1|1|1|0-7|0|1024|1024|4|7|5
THREAD|47|2|30630|9782|10324|binder:30630_7|0.000|0.0|0.000|0|0|0|0-7|0|1024|1024|246|472|239
THREAD|47|3|26538|9612|10195|binder:26538_8|0.000|0.0|0.000|0|2|2|0-7|0|1024|1024|3358|6435|3306
THREAD|47|4|26538|9470|10195|binder:26538_B|0.000|0.0|0.000|0|6|6|0-7|0|1024|1024|2531|4304|2105
THREAD|47|5|10622|8513|10201|ExoPlayer:Playb|0.000|0.0|0.000|0|4|4|0-7|0|1024|1024|6463|10331|51
THREAD|47|6|10622|8509|10201|ExoPlayer:Playb|0.000|0.0|0.000|0|1|1|0-7|0|1024|1024|6331|10327|49
THREAD|47|7|26538|8364|10195|IMM.binder-emu|0.000|0.0|0.000|0|2|2|0-7|0|1024|1024|15737|23850|1039
THREAD|47|8|26538|8336|10195|Primes-Jank|0.000|0.0|0.000|0|4|4|0-7|0|1024|1024|16074|23866|1131
THREAD|47|9|5032|7304|10117|DefaultDispatch|0.000|0.0|0.000|0|0|0|0-7|0|1024|1024|536|1319|123
THREAD|47|10|5032|7262|10117|DefaultDispatch|0.000|0.0|0.000|0|0|0|0-7|0|1024|1024|504|1374|93
WINDOW|seq=48|t_cs=16139698|wall_ms=260|threads=346|busy_threads=12|total_runtime_ms=39.468|total_runq_wait_ms=1.437|tgids=5032,10622,22534,26538,27141,27172,30630
THREAD|48|1|22534|26965|10192|ThreadPoolForeg|30.249|11.6|0.000|10|5|4|0-7|0|1024|1024|364|939|385
THREAD|48|2|22534|27090|10192|NetworkService|4.318|1.6|0.613|48|1|0|0-7|0|1024|1024|132|454|301
THREAD|48|3|22534|22534|10192|.android.chrome|2.269|0.8|0.131|15|4|0|0-7|0|1024|1024|168|1581|10
THREAD|48|4|22534|26983|10192|ThreadPoolForeg|1.204|0.4|0.693|11|1|2|0-7|0|1024|1024|194|459|255
THREAD|48|5|27141|27213|90000|CrRendererMain|0.483|0.1|0.000|2|5|0|0-7|0|1024|1024|38|72|15
THREAD|48|6|22534|27086|10192|Chrome_IOThread|0.320|0.1|0.000|4|5|0|0-7|0|1024|1024|109|276|11
THREAD|48|7|27141|27229|90000|Chrome_ChildIOT|0.248|0.0|0.000|4|0|0|0-7|0|1024|1024|70|217|1
THREAD|48|8|22534|26963|10192|ThreadPoolServi|0.102|0.0|0.000|1|0|4|0-7|0|1024|1024|7|14|7
THREAD|48|9|27141|27163|90000|HeapTaskDaemon|0.085|0.0|0.000|1|3|1|0-7|0|1024|1024|3|5|1
THREAD|48|10|22534|27000|10192|ThreadPoolForeg|0.079|0.0|0.000|4|4|1|0-7|0|1024|1024|235|551|211
WINDOW|seq=49|t_cs=16139725|wall_ms=270|threads=346|busy_threads=5|total_runtime_ms=19.765|total_runq_wait_ms=0.693|tgids=5032,10622,22534,26538,27141,27172,30630
THREAD|49|1|22534|27090|10192|NetworkService|13.250|4.9|0.349|17|0|4|0-7|0|1024|1024|147|495|306
THREAD|49|2|22534|26965|10192|ThreadPoolForeg|3.841|1.4|0.330|27|4|4|0-7|0|1024|1024|368|966|385
THREAD|49|3|22534|22534|10192|.android.chrome|1.715|0.6|0.006|11|0|1|0-7|0|1024|1024|180|1601|12
THREAD|49|4|22534|26983|10192|ThreadPoolForeg|0.904|0.3|0.000|4|2|5|0-7|0|1024|1024|195|463|255
THREAD|49|5|27141|27213|90000|CrRendererMain|0.053|0.0|0.007|1|0|0|0-7|0|1024|1024|38|72|15
THREAD|49|6|30630|9782|10324|binder:30630_7|0.000|0.0|0.000|0|0|0|0-7|0|1024|1024|246|472|239
THREAD|49|7|26538|9612|10195|binder:26538_8|0.000|0.0|0.000|0|2|2|0-7|0|1024|1024|3358|6435|3306
THREAD|49|8|26538|9470|10195|binder:26538_B|0.000|0.0|0.000|0|6|6|0-7|0|1024|1024|2531|4304|2105
THREAD|49|9|10622|8513|10201|ExoPlayer:Playb|0.000|0.0|0.000|0|4|4|0-7|0|1024|1024|6463|10331|51
THREAD|49|10|10622|8509|10201|ExoPlayer:Playb|0.000|0.0|0.000|0|1|1|0-7|0|1024|1024|6331|10327|49
WINDOW|seq=50|t_cs=16139752|wall_ms=270|threads=346|busy_threads=2|total_runtime_ms=11.709|total_runq_wait_ms=0.905|tgids=5032,10622,22534,26538,27141,27172,30630
THREAD|50|1|22534|27090|10192|NetworkService|9.018|3.3|0.667|36|4|4|0-7|0|1024|1024|154|501|307
THREAD|50|2|22534|22534|10192|.android.chrome|2.691|0.9|0.238|15|1|0|0-7|0|1024|1024|180|1601|12
THREAD|50|3|30630|9782|10324|binder:30630_7|0.000|0.0|0.000|0|0|0|0-7|0|1024|1024|246|472|239
THREAD|50|4|26538|9612|10195|binder:26538_8|0.000|0.0|0.000|0|2|2|0-7|0|1024|1024|3358|6435|3306
THREAD|50|5|26538|9470|10195|binder:26538_B|0.000|0.0|0.000|0|6|6|0-7|0|1024|1024|2531|4304|2105
THREAD|50|6|10622|8513|10201|ExoPlayer:Playb|0.000|0.0|0.000|0|4|4|0-7|0|1024|1024|6463|10331|51
THREAD|50|7|10622|8509|10201|ExoPlayer:Playb|0.000|0.0|0.000|0|1|1|0-7|0|1024|1024|6331|10327|49
THREAD|50|8|26538|8364|10195|IMM.binder-emu|0.000|0.0|0.000|0|2|2|0-7|0|1024|1024|15737|23850|1039
THREAD|50|9|26538|8336|10195|Primes-Jank|0.000|0.0|0.000|0|4|4|0-7|0|1024|1024|16074|23866|1131
THREAD|50|10|5032|7304|10117|DefaultDispatch|0.000|0.0|0.000|0|0|0|0-7|0|1024|1024|536|1319|123
WINDOW|seq=51|t_cs=16139776|wall_ms=240|threads=346|busy_threads=0|total_runtime_ms=0.000|total_runq_wait_ms=0.000|tgids=5032,10622,22534,26538,27141,27172,30630
THREAD|51|1|30630|9782|10324|binder:30630_7|0.000|0.0|0.000|0|0|0|0-7|0|1024|1024|246|472|239
THREAD|51|2|26538|9612|10195|binder:26538_8|0.000|0.0|0.000|0|2|2|0-7|0|1024|1024|3358|6435|3306
THREAD|51|3|26538|9470|10195|binder:26538_B|0.000|0.0|0.000|0|6|6|0-7|0|1024|1024|2531|4304|2105
THREAD|51|4|10622|8513|10201|ExoPlayer:Playb|0.000|0.0|0.000|0|4|4|0-7|0|1024|1024|6463|10331|51
THREAD|51|5|10622|8509|10201|ExoPlayer:Playb|0.000|0.0|0.000|0|1|1|0-7|0|1024|1024|6331|10327|49
THREAD|51|6|26538|8364|10195|IMM.binder-emu|0.000|0.0|0.000|0|2|2|0-7|0|1024|1024|15737|23850|1039
THREAD|51|7|26538|8336|10195|Primes-Jank|0.000|0.0|0.000|0|4|4|0-7|0|1024|1024|16074|23866|1131
THREAD|51|8|5032|7304|10117|DefaultDispatch|0.000|0.0|0.000|0|0|0|0-7|0|1024|1024|536|1319|123
THREAD|51|9|5032|7262|10117|DefaultDispatch|0.000|0.0|0.000|0|0|0|0-7|0|1024|1024|504|1374|93
THREAD|51|10|26538|5842|10195|glide-active-re|0.000|0.0|0.000|0|3|3|0-7|0|1024|1024|4|8|4
WINDOW|seq=52|t_cs=16139806|wall_ms=300|threads=346|busy_threads=3|total_runtime_ms=17.580|total_runq_wait_ms=0.509|tgids=5032,10622,22534,26538,27141,27172,30630
THREAD|52|1|22534|26965|10192|ThreadPoolForeg|13.539|4.5|0.509|20|4|5|0-7|0|1024|1024|371|981|390
THREAD|52|2|22534|22534|10192|.android.chrome|3.850|1.2|0.000|2|0|1|0-7|0|1024|1024|181|1603|12
THREAD|52|3|22534|26963|10192|ThreadPoolServi|0.190|0.0|0.000|1|4|5|0-7|0|1024|1024|8|15|7
THREAD|52|4|30630|9782|10324|binder:30630_7|0.000|0.0|0.000|0|0|0|0-7|0|1024|1024|246|472|239
THREAD|52|5|26538|9612|10195|binder:26538_8|0.000|0.0|0.000|0|2|2|0-7|0|1024|1024|3358|6435|3306
THREAD|52|6|26538|9470|10195|binder:26538_B|0.000|0.0|0.000|0|6|6|0-7|0|1024|1024|2531|4304|2105
THREAD|52|7|10622|8513|10201|ExoPlayer:Playb|0.000|0.0|0.000|0|4|4|0-7|0|1024|1024|6463|10331|51
THREAD|52|8|10622|8509|10201|ExoPlayer:Playb|0.000|0.0|0.000|0|1|1|0-7|0|1024|1024|6331|10327|49
THREAD|52|9|26538|8364|10195|IMM.binder-emu|0.000|0.0|0.000|0|2|2|0-7|0|1024|1024|15737|23850|1039
THREAD|52|10|26538|8336|10195|Primes-Jank|0.000|0.0|0.000|0|4|4|0-7|0|1024|1024|16074|23866|1131
WINDOW|seq=53|t_cs=16139834|wall_ms=280|threads=346|busy_threads=2|total_runtime_ms=1.830|total_runq_wait_ms=0.000|tgids=5032,10622,22534,26538,27141,27172,30630
THREAD|53|1|22534|22534|10192|.android.chrome|1.770|0.6|0.000|4|1|4|0-7|0|1024|1024|183|1607|12
THREAD|53|2|22534|26992|10192|queued-work-loo|0.059|0.0|0.000|1|0|0|0-7|0|1024|1024|11|33|23
THREAD|53|3|30630|9782|10324|binder:30630_7|0.000|0.0|0.000|0|0|0|0-7|0|1024|1024|246|472|239
THREAD|53|4|26538|9612|10195|binder:26538_8|0.000|0.0|0.000|0|2|2|0-7|0|1024|1024|3358|6435|3306
THREAD|53|5|26538|9470|10195|binder:26538_B|0.000|0.0|0.000|0|6|6|0-7|0|1024|1024|2531|4304|2105
THREAD|53|6|10622|8513|10201|ExoPlayer:Playb|0.000|0.0|0.000|0|4|4|0-7|0|1024|1024|6463|10331|51
THREAD|53|7|10622|8509|10201|ExoPlayer:Playb|0.000|0.0|0.000|0|1|1|0-7|0|1024|1024|6331|10327|49
THREAD|53|8|26538|8364|10195|IMM.binder-emu|0.000|0.0|0.000|0|2|2|0-7|0|1024|1024|15737|23850|1039
THREAD|53|9|26538|8336|10195|Primes-Jank|0.000|0.0|0.000|0|4|4|0-7|0|1024|1024|16074|23866|1131
THREAD|53|10|5032|7304|10117|DefaultDispatch|0.000|0.0|0.000|0|0|0|0-7|0|1024|1024|536|1319|123
WINDOW|seq=54|t_cs=16139857|wall_ms=230|threads=346|busy_threads=1|total_runtime_ms=1.479|total_runq_wait_ms=0.440|tgids=5032,10622,22534,26538,27141,27172,30630
THREAD|54|1|22534|26992|10192|queued-work-loo|1.479|0.6|0.440|5|0|0|0-7|0|1024|1024|11|33|23
THREAD|54|2|30630|9782|10324|binder:30630_7|0.000|0.0|0.000|0|0|0|0-7|0|1024|1024|246|472|239
THREAD|54|3|26538|9612|10195|binder:26538_8|0.000|0.0|0.000|0|2|2|0-7|0|1024|1024|3358|6435|3306
THREAD|54|4|26538|9470|10195|binder:26538_B|0.000|0.0|0.000|0|6|6|0-7|0|1024|1024|2531|4304|2105
THREAD|54|5|10622|8513|10201|ExoPlayer:Playb|0.000|0.0|0.000|0|4|4|0-7|0|1024|1024|6463|10331|51
THREAD|54|6|10622|8509|10201|ExoPlayer:Playb|0.000|0.0|0.000|0|1|1|0-7|0|1024|1024|6331|10327|49
THREAD|54|7|26538|8364|10195|IMM.binder-emu|0.000|0.0|0.000|0|2|2|0-7|0|1024|1024|15737|23850|1039
THREAD|54|8|26538|8336|10195|Primes-Jank|0.000|0.0|0.000|0|4|4|0-7|0|1024|1024|16074|23866|1131
THREAD|54|9|5032|7304|10117|DefaultDispatch|0.000|0.0|0.000|0|0|0|0-7|0|1024|1024|536|1319|123
THREAD|54|10|5032|7262|10117|DefaultDispatch|0.000|0.0|0.000|0|0|0|0-7|0|1024|1024|504|1374|93
WINDOW|seq=55|t_cs=16139886|wall_ms=290|threads=346|busy_threads=2|total_runtime_ms=1.191|total_runq_wait_ms=0.000|tgids=5032,10622,22534,26538,27141,27172,30630
THREAD|55|1|22534|22534|10192|.android.chrome|1.137|0.3|0.000|2|4|0|0-7|0|1024|1024|184|1609|12
THREAD|55|2|22534|26992|10192|queued-work-loo|0.054|0.0|0.000|1|0|0|0-7|0|1024|1024|11|34|23
THREAD|55|3|30630|9782|10324|binder:30630_7|0.000|0.0|0.000|0|0|0|0-7|0|1024|1024|246|472|239
THREAD|55|4|26538|9612|10195|binder:26538_8|0.000|0.0|0.000|0|2|2|0-7|0|1024|1024|3358|6435|3306
THREAD|55|5|26538|9470|10195|binder:26538_B|0.000|0.0|0.000|0|6|6|0-7|0|1024|1024|2531|4304|2105
THREAD|55|6|10622|8513|10201|ExoPlayer:Playb|0.000|0.0|0.000|0|4|4|0-7|0|1024|1024|6463|10331|51
THREAD|55|7|10622|8509|10201|ExoPlayer:Playb|0.000|0.0|0.000|0|1|1|0-7|0|1024|1024|6331|10327|49
THREAD|55|8|26538|8364|10195|IMM.binder-emu|0.000|0.0|0.000|0|2|2|0-7|0|1024|1024|15737|23850|1039
THREAD|55|9|26538|8336|10195|Primes-Jank|0.000|0.0|0.000|0|4|4|0-7|0|1024|1024|16074|23866|1131
THREAD|55|10|5032|7304|10117|DefaultDispatch|0.000|0.0|0.000|0|0|0|0-7|0|1024|1024|536|1319|123
WINDOW|seq=56|t_cs=16139913|wall_ms=270|threads=346|busy_threads=1|total_runtime_ms=1.941|total_runq_wait_ms=0.003|tgids=5032,10622,22534,26538,27141,27172,30630
THREAD|56|1|22534|26992|10192|queued-work-loo|1.941|0.7|0.003|4|0|0|0-7|0|1024|1024|13|38|23
THREAD|56|2|30630|9782|10324|binder:30630_7|0.000|0.0|0.000|0|0|0|0-7|0|1024|1024|246|472|239
THREAD|56|3|26538|9612|10195|binder:26538_8|0.000|0.0|0.000|0|2|2|0-7|0|1024|1024|3358|6435|3306
THREAD|56|4|26538|9470|10195|binder:26538_B|0.000|0.0|0.000|0|6|6|0-7|0|1024|1024|2531|4304|2105
THREAD|56|5|10622|8513|10201|ExoPlayer:Playb|0.000|0.0|0.000|0|4|4|0-7|0|1024|1024|6463|10331|51
THREAD|56|6|10622|8509|10201|ExoPlayer:Playb|0.000|0.0|0.000|0|1|1|0-7|0|1024|1024|6331|10327|49
THREAD|56|7|26538|8364|10195|IMM.binder-emu|0.000|0.0|0.000|0|2|2|0-7|0|1024|1024|15737|23850|1039
THREAD|56|8|26538|8336|10195|Primes-Jank|0.000|0.0|0.000|0|4|4|0-7|0|1024|1024|16074|23866|1131
THREAD|56|9|5032|7304|10117|DefaultDispatch|0.000|0.0|0.000|0|0|0|0-7|0|1024|1024|536|1319|123
THREAD|56|10|5032|7262|10117|DefaultDispatch|0.000|0.0|0.000|0|0|0|0-7|0|1024|1024|504|1374|93
WINDOW|seq=57|t_cs=16139937|wall_ms=240|threads=346|busy_threads=1|total_runtime_ms=0.073|total_runq_wait_ms=0.000|tgids=5032,10622,22534,26538,27141,27172,30630
THREAD|57|1|22534|26898|10192|FinalizerWatchd|0.073|0.0|0.000|1|1|1|0-7|0|1024|1024|1|4|0
THREAD|57|2|30630|9782|10324|binder:30630_7|0.000|0.0|0.000|0|0|0|0-7|0|1024|1024|246|472|239
THREAD|57|3|26538|9612|10195|binder:26538_8|0.000|0.0|0.000|0|2|2|0-7|0|1024|1024|3358|6435|3306
THREAD|57|4|26538|9470|10195|binder:26538_B|0.000|0.0|0.000|0|6|6|0-7|0|1024|1024|2531|4304|2105
THREAD|57|5|10622|8513|10201|ExoPlayer:Playb|0.000|0.0|0.000|0|4|4|0-7|0|1024|1024|6463|10331|51
THREAD|57|6|10622|8509|10201|ExoPlayer:Playb|0.000|0.0|0.000|0|1|1|0-7|0|1024|1024|6331|10327|49
THREAD|57|7|26538|8364|10195|IMM.binder-emu|0.000|0.0|0.000|0|2|2|0-7|0|1024|1024|15737|23850|1039
THREAD|57|8|26538|8336|10195|Primes-Jank|0.000|0.0|0.000|0|4|4|0-7|0|1024|1024|16074|23866|1131
THREAD|57|9|5032|7304|10117|DefaultDispatch|0.000|0.0|0.000|0|0|0|0-7|0|1024|1024|536|1319|123
THREAD|57|10|5032|7262|10117|DefaultDispatch|0.000|0.0|0.000|0|0|0|0-7|0|1024|1024|504|1374|93
WINDOW|seq=58|t_cs=16139965|wall_ms=280|threads=346|busy_threads=0|total_runtime_ms=0.000|total_runq_wait_ms=0.000|tgids=5032,10622,22534,26538,27141,27172,30630
THREAD|58|1|30630|9782|10324|binder:30630_7|0.000|0.0|0.000|0|0|0|0-7|0|1024|1024|246|472|239
THREAD|58|2|26538|9612|10195|binder:26538_8|0.000|0.0|0.000|0|2|2|0-7|0|1024|1024|3358|6435|3306
THREAD|58|3|26538|9470|10195|binder:26538_B|0.000|0.0|0.000|0|6|6|0-7|0|1024|1024|2531|4304|2105
THREAD|58|4|10622|8513|10201|ExoPlayer:Playb|0.000|0.0|0.000|0|4|4|0-7|0|1024|1024|6463|10331|51
THREAD|58|5|10622|8509|10201|ExoPlayer:Playb|0.000|0.0|0.000|0|1|1|0-7|0|1024|1024|6331|10327|49
THREAD|58|6|26538|8364|10195|IMM.binder-emu|0.000|0.0|0.000|0|2|2|0-7|0|1024|1024|15737|23850|1039
THREAD|58|7|26538|8336|10195|Primes-Jank|0.000|0.0|0.000|0|4|4|0-7|0|1024|1024|16074|23866|1131
THREAD|58|8|5032|7304|10117|DefaultDispatch|0.000|0.0|0.000|0|0|0|0-7|0|1024|1024|536|1319|123
THREAD|58|9|5032|7262|10117|DefaultDispatch|0.000|0.0|0.000|0|0|0|0-7|0|1024|1024|504|1374|93
THREAD|58|10|26538|5842|10195|glide-active-re|0.000|0.0|0.000|0|3|3|0-7|0|1024|1024|4|8|4
WINDOW|seq=59|t_cs=16139992|wall_ms=270|threads=346|busy_threads=0|total_runtime_ms=0.000|total_runq_wait_ms=0.000|tgids=5032,10622,22534,26538,27141,27172,30630
THREAD|59|1|30630|9782|10324|binder:30630_7|0.000|0.0|0.000|0|0|0|0-7|0|1024|1024|246|472|239
THREAD|59|2|26538|9612|10195|binder:26538_8|0.000|0.0|0.000|0|2|2|0-7|0|1024|1024|3358|6435|3306
THREAD|59|3|26538|9470|10195|binder:26538_B|0.000|0.0|0.000|0|6|6|0-7|0|1024|1024|2531|4304|2105
THREAD|59|4|10622|8513|10201|ExoPlayer:Playb|0.000|0.0|0.000|0|4|4|0-7|0|1024|1024|6463|10331|51
THREAD|59|5|10622|8509|10201|ExoPlayer:Playb|0.000|0.0|0.000|0|1|1|0-7|0|1024|1024|6331|10327|49
THREAD|59|6|26538|8364|10195|IMM.binder-emu|0.000|0.0|0.000|0|2|2|0-7|0|1024|1024|15737|23850|1039
THREAD|59|7|26538|8336|10195|Primes-Jank|0.000|0.0|0.000|0|4|4|0-7|0|1024|1024|16074|23866|1131
THREAD|59|8|5032|7304|10117|DefaultDispatch|0.000|0.0|0.000|0|0|0|0-7|0|1024|1024|536|1319|123
THREAD|59|9|5032|7262|10117|DefaultDispatch|0.000|0.0|0.000|0|0|0|0-7|0|1024|1024|504|1374|93
THREAD|59|10|26538|5842|10195|glide-active-re|0.000|0.0|0.000|0|3|3|0-7|0|1024|1024|4|8|4
WINDOW|seq=60|t_cs=16140018|wall_ms=260|threads=346|busy_threads=0|total_runtime_ms=0.000|total_runq_wait_ms=0.000|tgids=5032,10622,22534,26538,27141,27172,30630
THREAD|60|1|30630|9782|10324|binder:30630_7|0.000|0.0|0.000|0|0|0|0-7|0|1024|1024|246|472|239
THREAD|60|2|26538|9612|10195|binder:26538_8|0.000|0.0|0.000|0|2|2|0-7|0|1024|1024|3358|6435|3306
THREAD|60|3|26538|9470|10195|binder:26538_B|0.000|0.0|0.000|0|6|6|0-7|0|1024|1024|2531|4304|2105
THREAD|60|4|10622|8513|10201|ExoPlayer:Playb|0.000|0.0|0.000|0|4|4|0-7|0|1024|1024|6463|10331|51
THREAD|60|5|10622|8509|10201|ExoPlayer:Playb|0.000|0.0|0.000|0|1|1|0-7|0|1024|1024|6331|10327|49
THREAD|60|6|26538|8364|10195|IMM.binder-emu|0.000|0.0|0.000|0|2|2|0-7|0|1024|1024|15737|23850|1039
THREAD|60|7|26538|8336|10195|Primes-Jank|0.000|0.0|0.000|0|4|4|0-7|0|1024|1024|16074|23866|1131
THREAD|60|8|5032|7304|10117|DefaultDispatch|0.000|0.0|0.000|0|0|0|0-7|0|1024|1024|536|1319|123
THREAD|60|9|5032|7262|10117|DefaultDispatch|0.000|0.0|0.000|0|0|0|0-7|0|1024|1024|504|1374|93
THREAD|60|10|26538|5842|10195|glide-active-re|0.000|0.0|0.000|0|3|3|0-7|0|1024|1024|4|8|4
WINDOW|seq=61|t_cs=16140043|wall_ms=250|threads=346|busy_threads=0|total_runtime_ms=0.000|total_runq_wait_ms=0.000|tgids=5032,10622,22534,26538,27141,27172,30630
THREAD|61|1|30630|9782|10324|binder:30630_7|0.000|0.0|0.000|0|0|0|0-7|0|1024|1024|246|472|239
THREAD|61|2|26538|9612|10195|binder:26538_8|0.000|0.0|0.000|0|2|2|0-7|0|1024|1024|3358|6435|3306
THREAD|61|3|26538|9470|10195|binder:26538_B|0.000|0.0|0.000|0|6|6|0-7|0|1024|1024|2531|4304|2105
THREAD|61|4|10622|8513|10201|ExoPlayer:Playb|0.000|0.0|0.000|0|4|4|0-7|0|1024|1024|6463|10331|51
THREAD|61|5|10622|8509|10201|ExoPlayer:Playb|0.000|0.0|0.000|0|1|1|0-7|0|1024|1024|6331|10327|49
THREAD|61|6|26538|8364|10195|IMM.binder-emu|0.000|0.0|0.000|0|2|2|0-7|0|1024|1024|15737|23850|1039
THREAD|61|7|26538|8336|10195|Primes-Jank|0.000|0.0|0.000|0|4|4|0-7|0|1024|1024|16074|23866|1131
THREAD|61|8|5032|7304|10117|DefaultDispatch|0.000|0.0|0.000|0|0|0|0-7|0|1024|1024|536|1319|123
THREAD|61|9|5032|7262|10117|DefaultDispatch|0.000|0.0|0.000|0|0|0|0-7|0|1024|1024|504|1374|93
THREAD|61|10|26538|5842|10195|glide-active-re|0.000|0.0|0.000|0|3|3|0-7|0|1024|1024|4|8|4
WINDOW|seq=62|t_cs=16140071|wall_ms=280|threads=346|busy_threads=0|total_runtime_ms=0.000|total_runq_wait_ms=0.000|tgids=5032,10622,22534,26538,27141,27172,30630
THREAD|62|1|30630|9782|10324|binder:30630_7|0.000|0.0|0.000|0|0|0|0-7|0|1024|1024|246|472|239
THREAD|62|2|26538|9612|10195|binder:26538_8|0.000|0.0|0.000|0|2|2|0-7|0|1024|1024|3358|6435|3306
THREAD|62|3|26538|9470|10195|binder:26538_B|0.000|0.0|0.000|0|6|6|0-7|0|1024|1024|2531|4304|2105
THREAD|62|4|10622|8513|10201|ExoPlayer:Playb|0.000|0.0|0.000|0|4|4|0-7|0|1024|1024|6463|10331|51
THREAD|62|5|10622|8509|10201|ExoPlayer:Playb|0.000|0.0|0.000|0|1|1|0-7|0|1024|1024|6331|10327|49
THREAD|62|6|26538|8364|10195|IMM.binder-emu|0.000|0.0|0.000|0|2|2|0-7|0|1024|1024|15737|23850|1039
THREAD|62|7|26538|8336|10195|Primes-Jank|0.000|0.0|0.000|0|4|4|0-7|0|1024|1024|16074|23866|1131
THREAD|62|8|5032|7304|10117|DefaultDispatch|0.000|0.0|0.000|0|0|0|0-7|0|1024|1024|536|1319|123
THREAD|62|9|5032|7262|10117|DefaultDispatch|0.000|0.0|0.000|0|0|0|0-7|0|1024|1024|504|1374|93
THREAD|62|10|26538|5842|10195|glide-active-re|0.000|0.0|0.000|0|3|3|0-7|0|1024|1024|4|8|4
WINDOW|seq=63|t_cs=16140096|wall_ms=250|threads=346|busy_threads=0|total_runtime_ms=0.000|total_runq_wait_ms=0.000|tgids=5032,10622,22534,26538,27141,27172,30630
THREAD|63|1|30630|9782|10324|binder:30630_7|0.000|0.0|0.000|0|0|0|0-7|0|1024|1024|246|472|239
THREAD|63|2|26538|9612|10195|binder:26538_8|0.000|0.0|0.000|0|2|2|0-7|0|1024|1024|3358|6435|3306
THREAD|63|3|26538|9470|10195|binder:26538_B|0.000|0.0|0.000|0|6|6|0-7|0|1024|1024|2531|4304|2105
THREAD|63|4|10622|8513|10201|ExoPlayer:Playb|0.000|0.0|0.000|0|4|4|0-7|0|1024|1024|6463|10331|51
THREAD|63|5|10622|8509|10201|ExoPlayer:Playb|0.000|0.0|0.000|0|1|1|0-7|0|1024|1024|6331|10327|49
THREAD|63|6|26538|8364|10195|IMM.binder-emu|0.000|0.0|0.000|0|2|2|0-7|0|1024|1024|15737|23850|1039
THREAD|63|7|26538|8336|10195|Primes-Jank|0.000|0.0|0.000|0|4|4|0-7|0|1024|1024|16074|23866|1131
THREAD|63|8|5032|7304|10117|DefaultDispatch|0.000|0.0|0.000|0|0|0|0-7|0|1024|1024|536|1319|123
THREAD|63|9|5032|7262|10117|DefaultDispatch|0.000|0.0|0.000|0|0|0|0-7|0|1024|1024|504|1374|93
THREAD|63|10|26538|5842|10195|glide-active-re|0.000|0.0|0.000|0|3|3|0-7|0|1024|1024|4|8|4
WINDOW|seq=64|t_cs=16140122|wall_ms=260|threads=346|busy_threads=0|total_runtime_ms=0.000|total_runq_wait_ms=0.000|tgids=5032,10622,22534,26538,27141,27172,30630
THREAD|64|1|30630|9782|10324|binder:30630_7|0.000|0.0|0.000|0|0|0|0-7|0|1024|1024|246|472|239
THREAD|64|2|26538|9612|10195|binder:26538_8|0.000|0.0|0.000|0|2|2|0-7|0|1024|1024|3358|6435|3306
THREAD|64|3|26538|9470|10195|binder:26538_B|0.000|0.0|0.000|0|6|6|0-7|0|1024|1024|2531|4304|2105
THREAD|64|4|10622|8513|10201|ExoPlayer:Playb|0.000|0.0|0.000|0|4|4|0-7|0|1024|1024|6463|10331|51
THREAD|64|5|10622|8509|10201|ExoPlayer:Playb|0.000|0.0|0.000|0|1|1|0-7|0|1024|1024|6331|10327|49
THREAD|64|6|26538|8364|10195|IMM.binder-emu|0.000|0.0|0.000|0|2|2|0-7|0|1024|1024|15737|23850|1039
THREAD|64|7|26538|8336|10195|Primes-Jank|0.000|0.0|0.000|0|4|4|0-7|0|1024|1024|16074|23866|1131
THREAD|64|8|5032|7304|10117|DefaultDispatch|0.000|0.0|0.000|0|0|0|0-7|0|1024|1024|536|1319|123
THREAD|64|9|5032|7262|10117|DefaultDispatch|0.000|0.0|0.000|0|0|0|0-7|0|1024|1024|504|1374|93
THREAD|64|10|26538|5842|10195|glide-active-re|0.000|0.0|0.000|0|3|3|0-7|0|1024|1024|4|8|4
WINDOW|seq=65|t_cs=16140145|wall_ms=230|threads=346|busy_threads=0|total_runtime_ms=0.000|total_runq_wait_ms=0.000|tgids=5032,10622,22534,26538,27141,27172,30630
THREAD|65|1|30630|9782|10324|binder:30630_7|0.000|0.0|0.000|0|0|0|0-7|0|1024|1024|246|472|239
THREAD|65|2|26538|9612|10195|binder:26538_8|0.000|0.0|0.000|0|2|2|0-7|0|1024|1024|3358|6435|3306
THREAD|65|3|26538|9470|10195|binder:26538_B|0.000|0.0|0.000|0|6|6|0-7|0|1024|1024|2531|4304|2105
THREAD|65|4|10622|8513|10201|ExoPlayer:Playb|0.000|0.0|0.000|0|4|4|0-7|0|1024|1024|6463|10331|51
THREAD|65|5|10622|8509|10201|ExoPlayer:Playb|0.000|0.0|0.000|0|1|1|0-7|0|1024|1024|6331|10327|49
THREAD|65|6|26538|8364|10195|IMM.binder-emu|0.000|0.0|0.000|0|2|2|0-7|0|1024|1024|15737|23850|1039
THREAD|65|7|26538|8336|10195|Primes-Jank|0.000|0.0|0.000|0|4|4|0-7|0|1024|1024|16074|23866|1131
THREAD|65|8|5032|7304|10117|DefaultDispatch|0.000|0.0|0.000|0|0|0|0-7|0|1024|1024|536|1319|123
THREAD|65|9|5032|7262|10117|DefaultDispatch|0.000|0.0|0.000|0|0|0|0-7|0|1024|1024|504|1374|93
THREAD|65|10|26538|5842|10195|glide-active-re|0.000|0.0|0.000|0|3|3|0-7|0|1024|1024|4|8|4
WINDOW|seq=66|t_cs=16140172|wall_ms=270|threads=346|busy_threads=0|total_runtime_ms=0.000|total_runq_wait_ms=0.000|tgids=5032,10622,22534,26538,27141,27172,30630
THREAD|66|1|30630|9782|10324|binder:30630_7|0.000|0.0|0.000|0|0|0|0-7|0|1024|1024|246|472|239
THREAD|66|2|26538|9612|10195|binder:26538_8|0.000|0.0|0.000|0|2|2|0-7|0|1024|1024|3358|6435|3306
THREAD|66|3|26538|9470|10195|binder:26538_B|0.000|0.0|0.000|0|6|6|0-7|0|1024|1024|2531|4304|2105
THREAD|66|4|10622|8513|10201|ExoPlayer:Playb|0.000|0.0|0.000|0|4|4|0-7|0|1024|1024|6463|10331|51
THREAD|66|5|10622|8509|10201|ExoPlayer:Playb|0.000|0.0|0.000|0|1|1|0-7|0|1024|1024|6331|10327|49
THREAD|66|6|26538|8364|10195|IMM.binder-emu|0.000|0.0|0.000|0|2|2|0-7|0|1024|1024|15737|23850|1039
THREAD|66|7|26538|8336|10195|Primes-Jank|0.000|0.0|0.000|0|4|4|0-7|0|1024|1024|16074|23866|1131
THREAD|66|8|5032|7304|10117|DefaultDispatch|0.000|0.0|0.000|0|0|0|0-7|0|1024|1024|536|1319|123
THREAD|66|9|5032|7262|10117|DefaultDispatch|0.000|0.0|0.000|0|0|0|0-7|0|1024|1024|504|1374|93
THREAD|66|10|26538|5842|10195|glide-active-re|0.000|0.0|0.000|0|3|3|0-7|0|1024|1024|4|8|4
WINDOW|seq=67|t_cs=16140199|wall_ms=270|threads=346|busy_threads=18|total_runtime_ms=62.718|total_runq_wait_ms=4.514|tgids=5032,10622,22534,26538,27141,27172,30630
THREAD|67|1|22534|26965|10192|ThreadPoolForeg|17.334|6.4|0.456|14|5|4|0-7|0|1024|1024|380|988|397
THREAD|67|2|22534|22534|10192|.android.chrome|13.313|4.9|0.223|20|0|0|0-7|0|1024|1024|197|1630|12
THREAD|67|3|22534|27090|10192|NetworkService|12.125|4.4|2.354|101|4|0|0-7|0|1024|1024|172|594|315
THREAD|67|4|22534|26983|10192|ThreadPoolForeg|11.471|4.2|0.272|11|5|5|0-7|0|1024|1024|201|468|261
THREAD|67|5|22534|26992|10192|queued-work-loo|2.730|1.0|0.070|4|0|0|0-7|0|1024|1024|13|42|23
THREAD|67|6|27141|27229|90000|Chrome_ChildIOT|1.665|0.6|0.030|4|0|4|0-7|0|1024|1024|71|220|2
THREAD|67|7|22534|27000|10192|ThreadPoolForeg|0.793|0.2|0.155|8|1|1|0-7|0|1024|1024|235|559|211
THREAD|67|8|22534|26922|10192|binder:22534_3|0.758|0.2|0.057|3|5|1|0-7|0|1024|1024|23|49|15
THREAD|67|9|22534|27087|10192|MemoryInfra|0.643|0.2|0.036|3|7|0|0-7|0|1024|1024|5|7|2
THREAD|67|10|27172|27303|10192|Chrome_ChildIOT|0.482|0.1|0.000|2|1|0|0-7|0|1024|1024|66|180|2
WINDOW|seq=68|t_cs=16140225|wall_ms=260|threads=346|busy_threads=4|total_runtime_ms=11.518|total_runq_wait_ms=1.259|tgids=5032,10622,22534,26538,27141,27172,30630
THREAD|68|1|22534|27090|10192|NetworkService|10.863|4.1|1.259|25|0|1|0-7|0|1024|1024|184|625|316
THREAD|68|2|27172|27310|10192|GpuWatchdog_Com|0.336|0.1|0.000|1|2|4|0-7|0|1024|1024|1|2|4
THREAD|68|3|27172|27250|10192|GpuWatchdog|0.207|0.0|0.000|1|2|0|0-7|0|1024|1024|4|5|1
THREAD|68|4|22534|22534|10192|.android.chrome|0.111|0.0|0.000|1|0|0|0-7|0|1024|1024|202|1645|13
THREAD|68|5|30630|9782|10324|binder:30630_7|0.000|0.0|0.000|0|0|0|0-7|0|1024|1024|246|472|239
THREAD|68|6|26538|9612|10195|binder:26538_8|0.000|0.0|0.000|0|2|2|0-7|0|1024|1024|3358|6435|3306
THREAD|68|7|26538|9470|10195|binder:26538_B|0.000|0.0|0.000|0|6|6|0-7|0|1024|1024|2531|4304|2105
THREAD|68|8|10622|8513|10201|ExoPlayer:Playb|0.000|0.0|0.000|0|4|4|0-7|0|1024|1024|6463|10331|51
THREAD|68|9|10622|8509|10201|ExoPlayer:Playb|0.000|0.0|0.000|0|1|1|0-7|0|1024|1024|6331|10327|49
THREAD|68|10|26538|8364|10195|IMM.binder-emu|0.000|0.0|0.000|0|2|2|0-7|0|1024|1024|15737|23850|1039
WINDOW|seq=69|t_cs=16140251|wall_ms=260|threads=346|busy_threads=7|total_runtime_ms=20.246|total_runq_wait_ms=0.696|tgids=5032,10622,22534,26538,27141,27172,30630
THREAD|69|1|22534|27090|10192|NetworkService|9.926|3.8|0.441|19|1|5|0-7|0|1024|1024|188|639|317
THREAD|69|2|22534|22534|10192|.android.chrome|5.577|2.1|0.025|16|0|0|0-7|0|1024|1024|202|1645|13
THREAD|69|3|22534|26965|10192|ThreadPoolForeg|3.817|1.4|0.101|4|5|5|0-7|0|1024|1024|381|990|399
THREAD|69|4|22534|26983|10192|ThreadPoolForeg|0.651|0.2|0.000|3|5|4|0-7|0|1024|1024|202|471|261
THREAD|69|5|22534|26992|10192|queued-work-loo|0.136|0.0|0.000|2|0|0|0-7|0|1024|1024|15|44|23
THREAD|69|6|22534|26922|10192|binder:22534_3|0.128|0.0|0.083|1|1|0|0-7|0|1024|1024|24|50|15
THREAD|69|7|22534|27233|10192|binder:22534_5|0.009|0.0|0.043|1|4|4|0-7|0|1024|1024|13|24|9
THREAD|69|8|30630|9782|10324|binder:30630_7|0.000|0.0|0.000|0|0|0|0-7|0|1024|1024|246|472|239
THREAD|69|9|26538|9612|10195|binder:26538_8|0.000|0.0|0.000|0|2|2|0-7|0|1024|1024|3358|6435|3306
THREAD|69|10|26538|9470|10195|binder:26538_B|0.000|0.0|0.000|0|6|6|0-7|0|1024|1024|2531|4304|2105
WINDOW|seq=70|t_cs=16140275|wall_ms=240|threads=346|busy_threads=1|total_runtime_ms=0.835|total_runq_wait_ms=0.084|tgids=5032,10622,22534,26538,27141,27172,30630
THREAD|70|1|22534|27090|10192|NetworkService|0.835|0.3|0.084|3|5|5|0-7|0|1024|1024|188|639|317
THREAD|70|2|30630|9782|10324|binder:30630_7|0.000|0.0|0.000|0|0|0|0-7|0|1024|1024|246|472|239
THREAD|70|3|26538|9612|10195|binder:26538_8|0.000|0.0|0.000|0|2|2|0-7|0|1024|1024|3358|6435|3306
THREAD|70|4|26538|9470|10195|binder:26538_B|0.000|0.0|0.000|0|6|6|0-7|0|1024|1024|2531|4304|2105
THREAD|70|5|10622|8513|10201|ExoPlayer:Playb|0.000|0.0|0.000|0|4|4|0-7|0|1024|1024|6463|10331|51
THREAD|70|6|10622|8509|10201|ExoPlayer:Playb|0.000|0.0|0.000|0|1|1|0-7|0|1024|1024|6331|10327|49
THREAD|70|7|26538|8364|10195|IMM.binder-emu|0.000|0.0|0.000|0|2|2|0-7|0|1024|1024|15737|23850|1039
THREAD|70|8|26538|8336|10195|Primes-Jank|0.000|0.0|0.000|0|4|4|0-7|0|1024|1024|16074|23866|1131
THREAD|70|9|5032|7304|10117|DefaultDispatch|0.000|0.0|0.000|0|0|0|0-7|0|1024|1024|536|1319|123
THREAD|70|10|5032|7262|10117|DefaultDispatch|0.000|0.0|0.000|0|0|0|0-7|0|1024|1024|504|1374|93
WINDOW|seq=71|t_cs=16140305|wall_ms=300|threads=346|busy_threads=4|total_runtime_ms=9.322|total_runq_wait_ms=0.000|tgids=5032,10622,22534,26538,27141,27172,30630
THREAD|71|1|22534|22534|10192|.android.chrome|6.080|2.0|0.000|15|0|0|0-7|0|1024|1024|206|1660|13
THREAD|71|2|22534|26965|10192|ThreadPoolForeg|2.430|0.8|0.000|27|5|4|0-7|0|1024|1024|384|1017|399
THREAD|71|3|22534|26983|10192|ThreadPoolForeg|0.614|0.2|0.000|6|4|0|0-7|0|1024|1024|203|477|261
THREAD|71|4|22534|26963|10192|ThreadPoolServi|0.195|0.0|0.000|1|0|0|0-7|0|1024|1024|9|19|7
THREAD|71|5|30630|9782|10324|binder:30630_7|0.000|0.0|0.000|0|0|0|0-7|0|1024|1024|246|472|239
THREAD|71|6|26538|9612|10195|binder:26538_8|0.000|0.0|0.000|0|2|2|0-7|0|1024|1024|3358|6435|3306
THREAD|71|7|26538|9470|10195|binder:26538_B|0.000|0.0|0.000|0|6|6|0-7|0|1024|1024|2531|4304|2105
THREAD|71|8|10622|8513|10201|ExoPlayer:Playb|0.000|0.0|0.000|0|4|4|0-7|0|1024|1024|6463|10331|51
THREAD|71|9|10622|8509|10201|ExoPlayer:Playb|0.000|0.0|0.000|0|1|1|0-7|0|1024|1024|6331|10327|49
THREAD|71|10|26538|8364|10195|IMM.binder-emu|0.000|0.0|0.000|0|2|2|0-7|0|1024|1024|15737|23850|1039
WINDOW|seq=72|t_cs=16140329|wall_ms=240|threads=346|busy_threads=1|total_runtime_ms=0.028|total_runq_wait_ms=0.000|tgids=5032,10622,22534,26538,27141,27172,30630
THREAD|72|1|22534|26963|10192|ThreadPoolServi|0.028|0.0|0.000|1|0|0|0-7|0|1024|1024|9|19|7
THREAD|72|2|30630|9782|10324|binder:30630_7|0.000|0.0|0.000|0|0|0|0-7|0|1024|1024|246|472|239
THREAD|72|3|26538|9612|10195|binder:26538_8|0.000|0.0|0.000|0|2|2|0-7|0|1024|1024|3358|6435|3306
THREAD|72|4|26538|9470|10195|binder:26538_B|0.000|0.0|0.000|0|6|6|0-7|0|1024|1024|2531|4304|2105
THREAD|72|5|10622|8513|10201|ExoPlayer:Playb|0.000|0.0|0.000|0|4|4|0-7|0|1024|1024|6463|10331|51
THREAD|72|6|10622|8509|10201|ExoPlayer:Playb|0.000|0.0|0.000|0|1|1|0-7|0|1024|1024|6331|10327|49
THREAD|72|7|26538|8364|10195|IMM.binder-emu|0.000|0.0|0.000|0|2|2|0-7|0|1024|1024|15737|23850|1039
THREAD|72|8|26538|8336|10195|Primes-Jank|0.000|0.0|0.000|0|4|4|0-7|0|1024|1024|16074|23866|1131
THREAD|72|9|5032|7304|10117|DefaultDispatch|0.000|0.0|0.000|0|0|0|0-7|0|1024|1024|536|1319|123
THREAD|72|10|5032|7262|10117|DefaultDispatch|0.000|0.0|0.000|0|0|0|0-7|0|1024|1024|504|1374|93
WINDOW|seq=73|t_cs=16140355|wall_ms=260|threads=346|busy_threads=0|total_runtime_ms=0.000|total_runq_wait_ms=0.000|tgids=5032,10622,22534,26538,27141,27172,30630
THREAD|73|1|30630|9782|10324|binder:30630_7|0.000|0.0|0.000|0|0|0|0-7|0|1024|1024|246|472|239
THREAD|73|2|26538|9612|10195|binder:26538_8|0.000|0.0|0.000|0|2|2|0-7|0|1024|1024|3358|6435|3306
THREAD|73|3|26538|9470|10195|binder:26538_B|0.000|0.0|0.000|0|6|6|0-7|0|1024|1024|2531|4304|2105
THREAD|73|4|10622|8513|10201|ExoPlayer:Playb|0.000|0.0|0.000|0|4|4|0-7|0|1024|1024|6463|10331|51
THREAD|73|5|10622|8509|10201|ExoPlayer:Playb|0.000|0.0|0.000|0|1|1|0-7|0|1024|1024|6331|10327|49
THREAD|73|6|26538|8364|10195|IMM.binder-emu|0.000|0.0|0.000|0|2|2|0-7|0|1024|1024|15737|23850|1039
THREAD|73|7|26538|8336|10195|Primes-Jank|0.000|0.0|0.000|0|4|4|0-7|0|1024|1024|16074|23866|1131
THREAD|73|8|5032|7304|10117|DefaultDispatch|0.000|0.0|0.000|0|0|0|0-7|0|1024|1024|536|1319|123
THREAD|73|9|5032|7262|10117|DefaultDispatch|0.000|0.0|0.000|0|0|0|0-7|0|1024|1024|504|1374|93
THREAD|73|10|26538|5842|10195|glide-active-re|0.000|0.0|0.000|0|3|3|0-7|0|1024|1024|4|8|4
WINDOW|seq=74|t_cs=16140381|wall_ms=260|threads=346|busy_threads=0|total_runtime_ms=0.000|total_runq_wait_ms=0.000|tgids=5032,10622,22534,26538,27141,27172,30630
THREAD|74|1|30630|9782|10324|binder:30630_7|0.000|0.0|0.000|0|0|0|0-7|0|1024|1024|246|472|239
THREAD|74|2|26538|9612|10195|binder:26538_8|0.000|0.0|0.000|0|2|2|0-7|0|1024|1024|3358|6435|3306
THREAD|74|3|26538|9470|10195|binder:26538_B|0.000|0.0|0.000|0|6|6|0-7|0|1024|1024|2531|4304|2105
THREAD|74|4|10622|8513|10201|ExoPlayer:Playb|0.000|0.0|0.000|0|4|4|0-7|0|1024|1024|6463|10331|51
THREAD|74|5|10622|8509|10201|ExoPlayer:Playb|0.000|0.0|0.000|0|1|1|0-7|0|1024|1024|6331|10327|49
THREAD|74|6|26538|8364|10195|IMM.binder-emu|0.000|0.0|0.000|0|2|2|0-7|0|1024|1024|15737|23850|1039
THREAD|74|7|26538|8336|10195|Primes-Jank|0.000|0.0|0.000|0|4|4|0-7|0|1024|1024|16074|23866|1131
THREAD|74|8|5032|7304|10117|DefaultDispatch|0.000|0.0|0.000|0|0|0|0-7|0|1024|1024|536|1319|123
THREAD|74|9|5032|7262|10117|DefaultDispatch|0.000|0.0|0.000|0|0|0|0-7|0|1024|1024|504|1374|93
THREAD|74|10|26538|5842|10195|glide-active-re|0.000|0.0|0.000|0|3|3|0-7|0|1024|1024|4|8|4
WINDOW|seq=75|t_cs=16140410|wall_ms=290|threads=346|busy_threads=0|total_runtime_ms=0.000|total_runq_wait_ms=0.000|tgids=5032,10622,22534,26538,27141,27172,30630
THREAD|75|1|30630|9782|10324|binder:30630_7|0.000|0.0|0.000|0|0|0|0-7|0|1024|1024|246|472|239
THREAD|75|2|26538|9612|10195|binder:26538_8|0.000|0.0|0.000|0|2|2|0-7|0|1024|1024|3358|6435|3306
THREAD|75|3|26538|9470|10195|binder:26538_B|0.000|0.0|0.000|0|6|6|0-7|0|1024|1024|2531|4304|2105
THREAD|75|4|10622|8513|10201|ExoPlayer:Playb|0.000|0.0|0.000|0|4|4|0-7|0|1024|1024|6463|10331|51
THREAD|75|5|10622|8509|10201|ExoPlayer:Playb|0.000|0.0|0.000|0|1|1|0-7|0|1024|1024|6331|10327|49
THREAD|75|6|26538|8364|10195|IMM.binder-emu|0.000|0.0|0.000|0|2|2|0-7|0|1024|1024|15737|23850|1039
THREAD|75|7|26538|8336|10195|Primes-Jank|0.000|0.0|0.000|0|4|4|0-7|0|1024|1024|16074|23866|1131
THREAD|75|8|5032|7304|10117|DefaultDispatch|0.000|0.0|0.000|0|0|0|0-7|0|1024|1024|536|1319|123
THREAD|75|9|5032|7262|10117|DefaultDispatch|0.000|0.0|0.000|0|0|0|0-7|0|1024|1024|504|1374|93
THREAD|75|10|26538|5842|10195|glide-active-re|0.000|0.0|0.000|0|3|3|0-7|0|1024|1024|4|8|4
WINDOW|seq=76|t_cs=16140435|wall_ms=250|threads=346|busy_threads=0|total_runtime_ms=0.000|total_runq_wait_ms=0.000|tgids=5032,10622,22534,26538,27141,27172,30630
THREAD|76|1|30630|9782|10324|binder:30630_7|0.000|0.0|0.000|0|0|0|0-7|0|1024|1024|246|472|239
THREAD|76|2|26538|9612|10195|binder:26538_8|0.000|0.0|0.000|0|2|2|0-7|0|1024|1024|3358|6435|3306
THREAD|76|3|26538|9470|10195|binder:26538_B|0.000|0.0|0.000|0|6|6|0-7|0|1024|1024|2531|4304|2105
THREAD|76|4|10622|8513|10201|ExoPlayer:Playb|0.000|0.0|0.000|0|4|4|0-7|0|1024|1024|6463|10331|51
THREAD|76|5|10622|8509|10201|ExoPlayer:Playb|0.000|0.0|0.000|0|1|1|0-7|0|1024|1024|6331|10327|49
THREAD|76|6|26538|8364|10195|IMM.binder-emu|0.000|0.0|0.000|0|2|2|0-7|0|1024|1024|15737|23850|1039
THREAD|76|7|26538|8336|10195|Primes-Jank|0.000|0.0|0.000|0|4|4|0-7|0|1024|1024|16074|23866|1131
THREAD|76|8|5032|7304|10117|DefaultDispatch|0.000|0.0|0.000|0|0|0|0-7|0|1024|1024|536|1319|123
THREAD|76|9|5032|7262|10117|DefaultDispatch|0.000|0.0|0.000|0|0|0|0-7|0|1024|1024|504|1374|93
THREAD|76|10|26538|5842|10195|glide-active-re|0.000|0.0|0.000|0|3|3|0-7|0|1024|1024|4|8|4
END|windows=76|elapsed_s=20
