META|version=2|duration_s=33|interval_ms=250|top_n=5|kernel=6.6.118-android15-8-g2e6b9c3812c5-ab15114928-4k|read_only=yes
FIELDS|THREAD|seq|rank|tgid|tid|uid|comm|runtime_ms|runtime_pct|runq_wait_ms|slices|cpu_start|cpu_end|allowed|uclamp_min|uclamp_max|uclamp_max_eff|migrations_total|vol_ctx_total|nonvol_ctx_total
WINDOW|seq=1|t_cs=16307799|wall_ms=280|threads=355|busy_threads=1|total_runtime_ms=294.139|total_runq_wait_ms=0.000|tgids=5032,10622,15641,22534,25017,26538,27172,30630
THREAD|1|1|15641|15641|10999|sh|294.139|105.0|0.000|0|6|6|0-7|0|1024|1024|7|0|19
THREAD|1|2|30630|9782|10324|binder:30630_7|0.000|0.0|0.000|0|0|0|0-7|0|1024|1024|246|472|239
THREAD|1|3|26538|9612|10195|binder:26538_8|0.000|0.0|0.000|0|5|5|0-7|0|1024|1024|3427|6561|3361
THREAD|1|4|26538|9594|10195|Light-P0-1402|0.000|0.0|0.000|0|5|5|0-7|0|1024|1024|0|1|0
THREAD|1|5|26538|9501|10195|Light-P0-1401|0.000|0.0|0.000|0|1|1|0-7|0|1024|1024|0|1|0
WINDOW|seq=2|t_cs=16307824|wall_ms=250|threads=355|busy_threads=1|total_runtime_ms=249.979|total_runq_wait_ms=0.416|tgids=5032,10622,15641,22534,25017,26538,27172,30630
THREAD|2|1|15641|15641|10999|sh|249.979|99.9|0.416|2|6|6|0-7|0|1024|1024|7|0|20
THREAD|2|2|30630|9782|10324|binder:30630_7|0.000|0.0|0.000|0|0|0|0-7|0|1024|1024|246|472|239
THREAD|2|3|26538|9612|10195|binder:26538_8|0.000|0.0|0.000|0|5|5|0-7|0|1024|1024|3427|6561|3361
THREAD|2|4|26538|9594|10195|Light-P0-1402|0.000|0.0|0.000|0|5|5|0-7|0|1024|1024|0|1|0
THREAD|2|5|26538|9501|10195|Light-P0-1401|0.000|0.0|0.000|0|1|1|0-7|0|1024|1024|0|1|0
WINDOW|seq=3|t_cs=16307850|wall_ms=260|threads=355|busy_threads=1|total_runtime_ms=258.386|total_runq_wait_ms=0.067|tgids=5032,10622,15641,22534,25017,26538,27172,30630
THREAD|3|1|15641|15641|10999|sh|258.386|99.3|0.067|2|6|6|0-7|0|1024|1024|7|0|23
THREAD|3|2|30630|9782|10324|binder:30630_7|0.000|0.0|0.000|0|0|0|0-7|0|1024|1024|246|472|239
THREAD|3|3|26538|9612|10195|binder:26538_8|0.000|0.0|0.000|0|5|5|0-7|0|1024|1024|3427|6561|3361
THREAD|3|4|26538|9594|10195|Light-P0-1402|0.000|0.0|0.000|0|5|5|0-7|0|1024|1024|0|1|0
THREAD|3|5|26538|9501|10195|Light-P0-1401|0.000|0.0|0.000|0|1|1|0-7|0|1024|1024|0|1|0
WINDOW|seq=4|t_cs=16307879|wall_ms=290|threads=355|busy_threads=2|total_runtime_ms=254.391|total_runq_wait_ms=0.035|tgids=5032,10622,15641,22534,25017,26538,27172,30630
THREAD|4|1|15641|15641|10999|sh|254.220|87.6|0.035|2|6|6|0-7|0|1024|1024|7|0|25
THREAD|4|2|22534|26965|10192|ThreadPoolForeg|0.170|0.0|0.000|1|5|5|0-7|0|1024|1024|1793|5715|1361
THREAD|4|3|30630|9782|10324|binder:30630_7|0.000|0.0|0.000|0|0|0|0-7|0|1024|1024|246|472|239
THREAD|4|4|26538|9612|10195|binder:26538_8|0.000|0.0|0.000|0|5|5|0-7|0|1024|1024|3427|6561|3361
THREAD|4|5|26538|9594|10195|Light-P0-1402|0.000|0.0|0.000|0|5|5|0-7|0|1024|1024|0|1|0
WINDOW|seq=5|t_cs=16307900|wall_ms=210|threads=355|busy_threads=1|total_runtime_ms=246.304|total_runq_wait_ms=0.088|tgids=5032,10622,15641,22534,25017,26538,27172,30630
THREAD|5|1|15641|15641|10999|sh|246.304|117.2|0.088|2|6|6|0-7|0|1024|1024|7|0|26
THREAD|5|2|30630|9782|10324|binder:30630_7|0.000|0.0|0.000|0|0|0|0-7|0|1024|1024|246|472|239
THREAD|5|3|26538|9612|10195|binder:26538_8|0.000|0.0|0.000|0|5|5|0-7|0|1024|1024|3427|6561|3361
THREAD|5|4|26538|9594|10195|Light-P0-1402|0.000|0.0|0.000|0|5|5|0-7|0|1024|1024|0|1|0
THREAD|5|5|26538|9501|10195|Light-P0-1401|0.000|0.0|0.000|0|1|1|0-7|0|1024|1024|0|1|0
WINDOW|seq=6|t_cs=16307928|wall_ms=280|threads=355|busy_threads=1|total_runtime_ms=246.444|total_runq_wait_ms=0.035|tgids=5032,10622,15641,22534,25017,26538,27172,30630
THREAD|6|1|15641|15641|10999|sh|246.444|88.0|0.035|2|6|6|0-7|0|1024|1024|7|0|28
THREAD|6|2|30630|9782|10324|binder:30630_7|0.000|0.0|0.000|0|0|0|0-7|0|1024|1024|246|472|239
THREAD|6|3|26538|9612|10195|binder:26538_8|0.000|0.0|0.000|0|5|5|0-7|0|1024|1024|3427|6561|3361
THREAD|6|4|26538|9594|10195|Light-P0-1402|0.000|0.0|0.000|0|5|5|0-7|0|1024|1024|0|1|0
THREAD|6|5|26538|9501|10195|Light-P0-1401|0.000|0.0|0.000|0|1|1|0-7|0|1024|1024|0|1|0
WINDOW|seq=7|t_cs=16307951|wall_ms=230|threads=355|busy_threads=1|total_runtime_ms=266.183|total_runq_wait_ms=0.027|tgids=5032,10622,15641,22534,25017,26538,27172,30630
THREAD|7|1|15641|15641|10999|sh|266.183|115.7|0.027|2|6|6|0-7|0|1024|1024|7|0|30
THREAD|7|2|30630|9782|10324|binder:30630_7|0.000|0.0|0.000|0|0|0|0-7|0|1024|1024|246|472|239
THREAD|7|3|26538|9612|10195|binder:26538_8|0.000|0.0|0.000|0|5|5|0-7|0|1024|1024|3427|6561|3361
THREAD|7|4|26538|9594|10195|Light-P0-1402|0.000|0.0|0.000|0|5|5|0-7|0|1024|1024|0|1|0
THREAD|7|5|26538|9501|10195|Light-P0-1401|0.000|0.0|0.000|0|1|1|0-7|0|1024|1024|0|1|0
WINDOW|seq=8|t_cs=16307980|wall_ms=290|threads=355|busy_threads=1|total_runtime_ms=250.487|total_runq_wait_ms=0.035|tgids=5032,10622,15641,22534,25017,26538,27172,30630
THREAD|8|1|15641|15641|10999|sh|250.487|86.3|0.035|1|6|6|0-7|0|1024|1024|7|0|31
THREAD|8|2|30630|9782|10324|binder:30630_7|0.000|0.0|0.000|0|0|0|0-7|0|1024|1024|246|472|239
THREAD|8|3|26538|9612|10195|binder:26538_8|0.000|0.0|0.000|0|5|5|0-7|0|1024|1024|3427|6561|3361
THREAD|8|4|26538|9594|10195|Light-P0-1402|0.000|0.0|0.000|0|5|5|0-7|0|1024|1024|0|1|0
THREAD|8|5|26538|9501|10195|Light-P0-1401|0.000|0.0|0.000|0|1|1|0-7|0|1024|1024|0|1|0
WINDOW|seq=9|t_cs=16308003|wall_ms=230|threads=355|busy_threads=1|total_runtime_ms=262.519|total_runq_wait_ms=0.000|tgids=5032,10622,15641,22534,25017,26538,27172,30630
THREAD|9|1|15641|15641|10999|sh|262.519|114.1|0.000|0|6|6|0-7|0|1024|1024|7|0|31
THREAD|9|2|30630|9782|10324|binder:30630_7|0.000|0.0|0.000|0|0|0|0-7|0|1024|1024|246|472|239
THREAD|9|3|26538|9612|10195|binder:26538_8|0.000|0.0|0.000|0|5|5|0-7|0|1024|1024|3427|6561|3361
THREAD|9|4|26538|9594|10195|Light-P0-1402|0.000|0.0|0.000|0|5|5|0-7|0|1024|1024|0|1|0
THREAD|9|5|26538|9501|10195|Light-P0-1401|0.000|0.0|0.000|0|1|1|0-7|0|1024|1024|0|1|0
WINDOW|seq=10|t_cs=16308032|wall_ms=290|threads=355|busy_threads=3|total_runtime_ms=252.275|total_runq_wait_ms=0.000|tgids=5032,10622,15641,22534,25017,26538,27172,30630
THREAD|10|1|15641|15641|10999|sh|250.453|86.3|0.000|0|6|6|0-7|0|1024|1024|7|0|31
THREAD|10|2|22534|22534|10192|.android.chrome|1.498|0.5|0.000|1|0|0|0-7|0|1024|1024|4031|8036|1098
THREAD|10|3|27172|27239|10192|CrGpuMain|0.323|0.1|0.000|1|0|0|0-7|0|1024|1024|899|1510|291
THREAD|10|4|30630|9782|10324|binder:30630_7|0.000|0.0|0.000|0|0|0|0-7|0|1024|1024|246|472|239
THREAD|10|5|26538|9612|10195|binder:26538_8|0.000|0.0|0.000|0|5|5|0-7|0|1024|1024|3427|6561|3361
WINDOW|seq=11|t_cs=16308055|wall_ms=230|threads=355|busy_threads=1|total_runtime_ms=262.064|total_runq_wait_ms=0.193|tgids=5032,10622,15641,22534,25017,26538,27172,30630
THREAD|11|1|15641|15641|10999|sh|262.064|113.9|0.193|3|6|7|0-7|0|1024|1024|8|0|34
THREAD|11|2|30630|9782|10324|binder:30630_7|0.000|0.0|0.000|0|0|0|0-7|0|1024|1024|246|472|239
THREAD|11|3|26538|9612|10195|binder:26538_8|0.000|0.0|0.000|0|5|5|0-7|0|1024|1024|3427|6561|3361
THREAD|11|4|26538|9594|10195|Light-P0-1402|0.000|0.0|0.000|0|5|5|0-7|0|1024|1024|0|1|0
THREAD|11|5|26538|9501|10195|Light-P0-1401|0.000|0.0|0.000|0|1|1|0-7|0|1024|1024|0|1|0
WINDOW|seq=12|t_cs=16308084|wall_ms=290|threads=355|busy_threads=1|total_runtime_ms=270.253|total_runq_wait_ms=0.000|tgids=5032,10622,15641,22534,25017,26538,27172,30630
THREAD|12|1|15641|15641|10999|sh|270.253|93.1|0.000|0|7|7|0-7|0|1024|1024|8|0|34
THREAD|12|2|30630|9782|10324|binder:30630_7|0.000|0.0|0.000|0|0|0|0-7|0|1024|1024|246|472|239
THREAD|12|3|26538|9612|10195|binder:26538_8|0.000|0.0|0.000|0|5|5|0-7|0|1024|1024|3427|6561|3361
THREAD|12|4|26538|9594|10195|Light-P0-1402|0.000|0.0|0.000|0|5|5|0-7|0|1024|1024|0|1|0
THREAD|12|5|26538|9501|10195|Light-P0-1401|0.000|0.0|0.000|0|1|1|0-7|0|1024|1024|0|1|0
WINDOW|seq=13|t_cs=16308109|wall_ms=250|threads=355|busy_threads=2|total_runtime_ms=262.638|total_runq_wait_ms=0.000|tgids=5032,10622,15641,22534,25017,26538,27172,30630
THREAD|13|1|15641|15641|10999|sh|262.486|104.9|0.000|0|7|7|0-7|0|1024|1024|8|0|34
THREAD|13|2|26538|27692|10195|AiCoreClientSch|0.151|0.0|0.000|1|0|0|0-7|0|1024|1024|309|629|165
THREAD|13|3|30630|9782|10324|binder:30630_7|0.000|0.0|0.000|0|0|0|0-7|0|1024|1024|246|472|239
THREAD|13|4|26538|9612|10195|binder:26538_8|0.000|0.0|0.000|0|5|5|0-7|0|1024|1024|3427|6561|3361
THREAD|13|5|26538|9594|10195|Light-P0-1402|0.000|0.0|0.000|0|5|5|0-7|0|1024|1024|0|1|0
WINDOW|seq=14|t_cs=16308137|wall_ms=280|threads=355|busy_threads=1|total_runtime_ms=242.368|total_runq_wait_ms=0.091|tgids=5032,10622,15641,22534,25017,26538,27172,30630
THREAD|14|1|15641|15641|10999|sh|242.368|86.5|0.091|1|7|7|0-7|0|1024|1024|8|0|36
THREAD|14|2|30630|9782|10324|binder:30630_7|0.000|0.0|0.000|0|0|0|0-7|0|1024|1024|246|472|239
THREAD|14|3|26538|9612|10195|binder:26538_8|0.000|0.0|0.000|0|5|5|0-7|0|1024|1024|3427|6561|3361
THREAD|14|4|26538|9594|10195|Light-P0-1402|0.000|0.0|0.000|0|5|5|0-7|0|1024|1024|0|1|0
THREAD|14|5|26538|9501|10195|Light-P0-1401|0.000|0.0|0.000|0|1|1|0-7|0|1024|1024|0|1|0
WINDOW|seq=15|t_cs=16308159|wall_ms=220|threads=355|busy_threads=1|total_runtime_ms=262.299|total_runq_wait_ms=0.034|tgids=5032,10622,15641,22534,25017,26538,27172,30630
THREAD|15|1|15641|15641|10999|sh|262.299|119.2|0.034|2|7|7|0-7|0|1024|1024|8|0|37
THREAD|15|2|30630|9782|10324|binder:30630_7|0.000|0.0|0.000|0|0|0|0-7|0|1024|1024|246|472|239
THREAD|15|3|26538|9612|10195|binder:26538_8|0.000|0.0|0.000|0|5|5|0-7|0|1024|1024|3427|6561|3361
THREAD|15|4|26538|9594|10195|Light-P0-1402|0.000|0.0|0.000|0|5|5|0-7|0|1024|1024|0|1|0
THREAD|15|5|26538|9501|10195|Light-P0-1401|0.000|0.0|0.000|0|1|1|0-7|0|1024|1024|0|1|0
WINDOW|seq=16|t_cs=16308186|wall_ms=270|threads=355|busy_threads=2|total_runtime_ms=254.485|total_runq_wait_ms=0.061|tgids=5032,10622,15641,22534,25017,26538,27172,30630
THREAD|16|1|15641|15641|10999|sh|254.241|94.1|0.061|2|7|7|0-7|0|1024|1024|8|0|40
THREAD|16|2|22534|22534|10192|.android.chrome|0.243|0.0|0.000|1|0|0|0-7|0|1024|1024|4031|8037|1098
THREAD|16|3|30630|9782|10324|binder:30630_7|0.000|0.0|0.000|0|0|0|0-7|0|1024|1024|246|472|239
THREAD|16|4|26538|9612|10195|binder:26538_8|0.000|0.0|0.000|0|5|5|0-7|0|1024|1024|3427|6561|3361
THREAD|16|5|26538|9594|10195|Light-P0-1402|0.000|0.0|0.000|0|5|5|0-7|0|1024|1024|0|1|0
WINDOW|seq=17|t_cs=16308211|wall_ms=250|threads=355|busy_threads=2|total_runtime_ms=254.395|total_runq_wait_ms=0.077|tgids=5032,10622,15641,22534,25017,26538,27172,30630
THREAD|17|1|15641|15641|10999|sh|254.262|101.7|0.077|2|7|7|0-7|0|1024|1024|8|0|41
THREAD|17|2|22534|27087|10192|MemoryInfra|0.132|0.0|0.000|1|5|1|0-7|0|1024|1024|83|87|202
THREAD|17|3|30630|9782|10324|binder:30630_7|0.000|0.0|0.000|0|0|0|0-7|0|1024|1024|246|472|239
THREAD|17|4|26538|9612|10195|binder:26538_8|0.000|0.0|0.000|0|5|5|0-7|0|1024|1024|3427|6561|3361
THREAD|17|5|26538|9594|10195|Light-P0-1402|0.000|0.0|0.000|0|5|5|0-7|0|1024|1024|0|1|0
WINDOW|seq=18|t_cs=16308239|wall_ms=280|threads=355|busy_threads=3|total_runtime_ms=250.776|total_runq_wait_ms=0.047|tgids=5032,10622,15641,22534,25017,26538,27172,30630
THREAD|18|1|15641|15641|10999|sh|250.557|89.4|0.047|1|7|7|0-7|0|1024|1024|8|0|42
THREAD|18|2|27172|27250|10192|GpuWatchdog|0.120|0.0|0.000|1|0|1|0-7|0|1024|1024|19|40|6
THREAD|18|3|27172|27310|10192|GpuWatchdog_Com|0.098|0.0|0.000|1|1|4|0-7|0|1024|1024|18|34|8
THREAD|18|4|30630|9782|10324|binder:30630_7|0.000|0.0|0.000|0|0|0|0-7|0|1024|1024|246|472|239
THREAD|18|5|26538|9612|10195|binder:26538_8|0.000|0.0|0.000|0|5|5|0-7|0|1024|1024|3427|6561|3361
WINDOW|seq=19|t_cs=16308262|wall_ms=230|threads=355|busy_threads=1|total_runtime_ms=270.463|total_runq_wait_ms=0.021|tgids=5032,10622,15641,22534,25017,26538,27172,30630
THREAD|19|1|15641|15641|10999|sh|270.463|117.5|0.021|1|7|7|0-7|0|1024|1024|8|0|43
THREAD|19|2|30630|9782|10324|binder:30630_7|0.000|0.0|0.000|0|0|0|0-7|0|1024|1024|246|472|239
THREAD|19|3|26538|9612|10195|binder:26538_8|0.000|0.0|0.000|0|5|5|0-7|0|1024|1024|3427|6561|3361
THREAD|19|4|26538|9594|10195|Light-P0-1402|0.000|0.0|0.000|0|5|5|0-7|0|1024|1024|0|1|0
THREAD|19|5|26538|9501|10195|Light-P0-1401|0.000|0.0|0.000|0|1|1|0-7|0|1024|1024|0|1|0
WINDOW|seq=20|t_cs=16308290|wall_ms=280|threads=355|busy_threads=1|total_runtime_ms=246.495|total_runq_wait_ms=0.038|tgids=5032,10622,15641,22534,25017,26538,27172,30630
THREAD|20|1|15641|15641|10999|sh|246.495|88.0|0.038|1|7|7|0-7|0|1024|1024|8|0|44
THREAD|20|2|30630|9782|10324|binder:30630_7|0.000|0.0|0.000|0|0|0|0-7|0|1024|1024|246|472|239
THREAD|20|3|26538|9612|10195|binder:26538_8|0.000|0.0|0.000|0|5|5|0-7|0|1024|1024|3427|6561|3361
THREAD|20|4|26538|9594|10195|Light-P0-1402|0.000|0.0|0.000|0|5|5|0-7|0|1024|1024|0|1|0
THREAD|20|5|26538|9501|10195|Light-P0-1401|0.000|0.0|0.000|0|1|1|0-7|0|1024|1024|0|1|0
WINDOW|seq=21|t_cs=16308314|wall_ms=240|threads=355|busy_threads=1|total_runtime_ms=266.295|total_runq_wait_ms=0.022|tgids=5032,10622,15641,22534,25017,26538,27172,30630
THREAD|21|1|15641|15641|10999|sh|266.295|110.9|0.022|1|7|7|0-7|0|1024|1024|8|0|45
THREAD|21|2|30630|9782|10324|binder:30630_7|0.000|0.0|0.000|0|0|0|0-7|0|1024|1024|246|472|239
THREAD|21|3|26538|9612|10195|binder:26538_8|0.000|0.0|0.000|0|5|5|0-7|0|1024|1024|3427|6561|3361
THREAD|21|4|26538|9594|10195|Light-P0-1402|0.000|0.0|0.000|0|5|5|0-7|0|1024|1024|0|1|0
THREAD|21|5|26538|9501|10195|Light-P0-1401|0.000|0.0|0.000|0|1|1|0-7|0|1024|1024|0|1|0
WINDOW|seq=22|t_cs=16308342|wall_ms=280|threads=355|busy_threads=1|total_runtime_ms=246.462|total_runq_wait_ms=0.000|tgids=5032,10622,15641,22534,25017,26538,27172,30630
THREAD|22|1|15641|15641|10999|sh|246.462|88.0|0.000|0|7|7|0-7|0|1024|1024|8|0|45
THREAD|22|2|30630|9782|10324|binder:30630_7|0.000|0.0|0.000|0|0|0|0-7|0|1024|1024|246|472|239
THREAD|22|3|26538|9612|10195|binder:26538_8|0.000|0.0|0.000|0|5|5|0-7|0|1024|1024|3427|6561|3361
THREAD|22|4|26538|9594|10195|Light-P0-1402|0.000|0.0|0.000|0|5|5|0-7|0|1024|1024|0|1|0
THREAD|22|5|26538|9501|10195|Light-P0-1401|0.000|0.0|0.000|0|1|1|0-7|0|1024|1024|0|1|0
WINDOW|seq=23|t_cs=16308367|wall_ms=250|threads=355|busy_threads=1|total_runtime_ms=273.952|total_runq_wait_ms=0.063|tgids=5032,10622,15641,22534,25017,26538,27172,30630
THREAD|23|1|15641|15641|10999|sh|273.952|109.5|0.063|1|7|7|0-7|0|1024|1024|8|0|46
THREAD|23|2|30630|9782|10324|binder:30630_7|0.000|0.0|0.000|0|0|0|0-7|0|1024|1024|246|472|239
THREAD|23|3|26538|9612|10195|binder:26538_8|0.000|0.0|0.000|0|5|5|0-7|0|1024|1024|3427|6561|3361
THREAD|23|4|26538|9594|10195|Light-P0-1402|0.000|0.0|0.000|0|5|5|0-7|0|1024|1024|0|1|0
THREAD|23|5|26538|9501|10195|Light-P0-1401|0.000|0.0|0.000|0|1|1|0-7|0|1024|1024|0|1|0
WINDOW|seq=24|t_cs=16308392|wall_ms=250|threads=355|busy_threads=1|total_runtime_ms=254.265|total_runq_wait_ms=0.021|tgids=5032,10622,15641,22534,25017,26538,27172,30630
THREAD|24|1|15641|15641|10999|sh|254.265|101.7|0.021|1|7|7|0-7|0|1024|1024|8|0|47
THREAD|24|2|30630|9782|10324|binder:30630_7|0.000|0.0|0.000|0|0|0|0-7|0|1024|1024|246|472|239
THREAD|24|3|26538|9612|10195|binder:26538_8|0.000|0.0|0.000|0|5|5|0-7|0|1024|1024|3427|6561|3361
THREAD|24|4|26538|9594|10195|Light-P0-1402|0.000|0.0|0.000|0|5|5|0-7|0|1024|1024|0|1|0
THREAD|24|5|26538|9501|10195|Light-P0-1401|0.000|0.0|0.000|0|1|1|0-7|0|1024|1024|0|1|0
WINDOW|seq=25|t_cs=16308420|wall_ms=280|threads=355|busy_threads=2|total_runtime_ms=242.715|total_runq_wait_ms=0.049|tgids=5032,10622,15641,22534,25017,26538,27172,30630
THREAD|25|1|15641|15641|10999|sh|242.571|86.6|0.049|1|7|7|0-7|0|1024|1024|8|0|48
THREAD|25|2|27172|27239|10192|CrGpuMain|0.144|0.0|0.000|1|0|0|0-7|0|1024|1024|899|1511|291
THREAD|25|3|30630|9782|10324|binder:30630_7|0.000|0.0|0.000|0|0|0|0-7|0|1024|1024|246|472|239
THREAD|25|4|26538|9612|10195|binder:26538_8|0.000|0.0|0.000|0|5|5|0-7|0|1024|1024|3427|6561|3361
THREAD|25|5|26538|9594|10195|Light-P0-1402|0.000|0.0|0.000|0|5|5|0-7|0|1024|1024|0|1|0
WINDOW|seq=26|t_cs=16308442|wall_ms=220|threads=355|busy_threads=2|total_runtime_ms=255.099|total_runq_wait_ms=0.000|tgids=5032,10622,15641,22534,25017,26538,27172,30630
THREAD|26|1|15641|15641|10999|sh|254.555|115.7|0.000|0|7|7|0-7|0|1024|1024|8|0|48
THREAD|26|2|22534|22534|10192|.android.chrome|0.544|0.2|0.000|1|0|0|0-7|0|1024|1024|4031|8038|1098
THREAD|26|3|30630|9782|10324|binder:30630_7|0.000|0.0|0.000|0|0|0|0-7|0|1024|1024|246|472|239
THREAD|26|4|26538|9612|10195|binder:26538_8|0.000|0.0|0.000|0|5|5|0-7|0|1024|1024|3427|6561|3361
THREAD|26|5|26538|9594|10195|Light-P0-1402|0.000|0.0|0.000|0|5|5|0-7|0|1024|1024|0|1|0
WINDOW|seq=27|t_cs=16308472|wall_ms=300|threads=355|busy_threads=1|total_runtime_ms=274.153|total_runq_wait_ms=0.072|tgids=5032,10622,15641,22534,25017,26538,27172,30630
THREAD|27|1|15641|15641|10999|sh|274.153|91.3|0.072|2|7|7|0-7|0|346|1024|8|0|50
THREAD|27|2|30630|9782|10324|binder:30630_7|0.000|0.0|0.000|0|0|0|0-7|0|1024|1024|246|472|239
THREAD|27|3|26538|9612|10195|binder:26538_8|0.000|0.0|0.000|0|5|5|0-7|0|1024|1024|3427|6561|3361
THREAD|27|4|26538|9594|10195|Light-P0-1402|0.000|0.0|0.000|0|5|5|0-7|0|1024|1024|0|1|0
THREAD|27|5|26538|9501|10195|Light-P0-1401|0.000|0.0|0.000|0|1|1|0-7|0|1024|1024|0|1|0
WINDOW|seq=28|t_cs=16308494|wall_ms=220|threads=355|busy_threads=1|total_runtime_ms=246.400|total_runq_wait_ms=0.044|tgids=5032,10622,15641,22534,25017,26538,27172,30630
THREAD|28|1|15641|15641|10999|sh|246.400|112.0|0.044|2|7|7|0-7|0|346|1024|8|0|52
THREAD|28|2|30630|9782|10324|binder:30630_7|0.000|0.0|0.000|0|0|0|0-7|0|1024|1024|246|472|239
THREAD|28|3|26538|9612|10195|binder:26538_8|0.000|0.0|0.000|0|5|5|0-7|0|1024|1024|3427|6561|3361
THREAD|28|4|26538|9594|10195|Light-P0-1402|0.000|0.0|0.000|0|5|5|0-7|0|1024|1024|0|1|0
THREAD|28|5|26538|9501|10195|Light-P0-1401|0.000|0.0|0.000|0|1|1|0-7|0|1024|1024|0|1|0
WINDOW|seq=29|t_cs=16308524|wall_ms=300|threads=355|busy_threads=1|total_runtime_ms=258.239|total_runq_wait_ms=0.096|tgids=5032,10622,15641,22534,25017,26538,27172,30630
THREAD|29|1|15641|15641|10999|sh|258.239|86.0|0.096|3|7|7|0-7|0|346|1024|8|0|55
THREAD|29|2|30630|9782|10324|binder:30630_7|0.000|0.0|0.000|0|0|0|0-7|0|1024|1024|246|472|239
THREAD|29|3|26538|9612|10195|binder:26538_8|0.000|0.0|0.000|0|5|5|0-7|0|1024|1024|3427|6561|3361
THREAD|29|4|26538|9594|10195|Light-P0-1402|0.000|0.0|0.000|0|5|5|0-7|0|1024|1024|0|1|0
THREAD|29|5|26538|9501|10195|Light-P0-1401|0.000|0.0|0.000|0|1|1|0-7|0|1024|1024|0|1|0
WINDOW|seq=30|t_cs=16308546|wall_ms=220|threads=355|busy_threads=1|total_runtime_ms=257.982|total_runq_wait_ms=0.063|tgids=5032,10622,15641,22534,25017,26538,27172,30630
THREAD|30|1|15641|15641|10999|sh|257.982|117.2|0.063|1|7|7|0-7|0|346|1024|8|0|56
THREAD|30|2|30630|9782|10324|binder:30630_7|0.000|0.0|0.000|0|0|0|0-7|0|1024|1024|246|472|239
THREAD|30|3|26538|9612|10195|binder:26538_8|0.000|0.0|0.000|0|5|5|0-7|0|1024|1024|3427|6561|3361
THREAD|30|4|26538|9594|10195|Light-P0-1402|0.000|0.0|0.000|0|5|5|0-7|0|1024|1024|0|1|0
THREAD|30|5|26538|9501|10195|Light-P0-1401|0.000|0.0|0.000|0|1|1|0-7|0|1024|1024|0|1|0
WINDOW|seq=31|t_cs=16308577|wall_ms=310|threads=355|busy_threads=1|total_runtime_ms=262.221|total_runq_wait_ms=0.022|tgids=5032,10622,15641,22534,25017,26538,27172,30630
THREAD|31|1|15641|15641|10999|sh|262.221|84.5|0.022|1|7|7|0-7|0|346|1024|8|0|58
THREAD|31|2|30630|9782|10324|binder:30630_7|0.000|0.0|0.000|0|0|0|0-7|0|1024|1024|246|472|239
THREAD|31|3|26538|9612|10195|binder:26538_8|0.000|0.0|0.000|0|5|5|0-7|0|1024|1024|3427|6561|3361
THREAD|31|4|26538|9594|10195|Light-P0-1402|0.000|0.0|0.000|0|5|5|0-7|0|1024|1024|0|1|0
THREAD|31|5|26538|9501|10195|Light-P0-1401|0.000|0.0|0.000|0|1|1|0-7|0|1024|1024|0|1|0
WINDOW|seq=32|t_cs=16308599|wall_ms=220|threads=355|busy_threads=1|total_runtime_ms=258.470|total_runq_wait_ms=0.089|tgids=5032,10622,15641,22534,25017,26538,27172,30630
THREAD|32|1|15641|15641|10999|sh|258.470|117.4|0.089|1|7|7|0-7|0|346|1024|8|0|58
THREAD|32|2|30630|9782|10324|binder:30630_7|0.000|0.0|0.000|0|0|0|0-7|0|1024|1024|246|472|239
THREAD|32|3|26538|9612|10195|binder:26538_8|0.000|0.0|0.000|0|5|5|0-7|0|1024|1024|3427|6561|3361
THREAD|32|4|26538|9594|10195|Light-P0-1402|0.000|0.0|0.000|0|5|5|0-7|0|1024|1024|0|1|0
THREAD|32|5|26538|9501|10195|Light-P0-1401|0.000|0.0|0.000|0|1|1|0-7|0|1024|1024|0|1|0
WINDOW|seq=33|t_cs=16308627|wall_ms=280|threads=355|busy_threads=1|total_runtime_ms=246.413|total_runq_wait_ms=0.068|tgids=5032,10622,15641,22534,25017,26538,27172,30630
THREAD|33|1|15641|15641|10999|sh|246.413|88.0|0.068|2|7|7|0-7|0|346|1024|8|0|61
THREAD|33|2|30630|9782|10324|binder:30630_7|0.000|0.0|0.000|0|0|0|0-7|0|1024|1024|246|472|239
THREAD|33|3|26538|9612|10195|binder:26538_8|0.000|0.0|0.000|0|5|5|0-7|0|1024|1024|3427|6561|3361
THREAD|33|4|26538|9594|10195|Light-P0-1402|0.000|0.0|0.000|0|5|5|0-7|0|1024|1024|0|1|0
THREAD|33|5|26538|9501|10195|Light-P0-1401|0.000|0.0|0.000|0|1|1|0-7|0|1024|1024|0|1|0
WINDOW|seq=34|t_cs=16308650|wall_ms=230|threads=355|busy_threads=1|total_runtime_ms=262.029|total_runq_wait_ms=0.101|tgids=5032,10622,15641,22534,25017,26538,27172,30630
THREAD|34|1|15641|15641|10999|sh|262.029|113.9|0.101|3|7|7|0-7|0|346|1024|8|0|63
THREAD|34|2|30630|9782|10324|binder:30630_7|0.000|0.0|0.000|0|0|0|0-7|0|1024|1024|246|472|239
THREAD|34|3|26538|9612|10195|binder:26538_8|0.000|0.0|0.000|0|5|5|0-7|0|1024|1024|3427|6561|3361
THREAD|34|4|26538|9594|10195|Light-P0-1402|0.000|0.0|0.000|0|5|5|0-7|0|1024|1024|0|1|0
THREAD|34|5|26538|9501|10195|Light-P0-1401|0.000|0.0|0.000|0|1|1|0-7|0|1024|1024|0|1|0
WINDOW|seq=35|t_cs=16308678|wall_ms=280|threads=355|busy_threads=1|total_runtime_ms=246.386|total_runq_wait_ms=0.051|tgids=5032,10622,15641,22534,25017,26538,27172,30630
THREAD|35|1|15641|15641|10999|sh|246.386|87.9|0.051|1|7|7|0-7|0|346|1024|8|0|65
THREAD|35|2|30630|9782|10324|binder:30630_7|0.000|0.0|0.000|0|0|0|0-7|0|1024|1024|246|472|239
THREAD|35|3|26538|9612|10195|binder:26538_8|0.000|0.0|0.000|0|5|5|0-7|0|1024|1024|3427|6561|3361
THREAD|35|4|26538|9594|10195|Light-P0-1402|0.000|0.0|0.000|0|5|5|0-7|0|1024|1024|0|1|0
THREAD|35|5|26538|9501|10195|Light-P0-1401|0.000|0.0|0.000|0|1|1|0-7|0|1024|1024|0|1|0
WINDOW|seq=36|t_cs=16308702|wall_ms=240|threads=355|busy_threads=1|total_runtime_ms=266.011|total_runq_wait_ms=0.067|tgids=5032,10622,15641,22534,25017,26538,27172,30630
THREAD|36|1|15641|15641|10999|sh|266.011|110.8|0.067|2|7|7|0-7|0|346|1024|8|0|66
THREAD|36|2|30630|9782|10324|binder:30630_7|0.000|0.0|0.000|0|0|0|0-7|0|1024|1024|246|472|239
THREAD|36|3|26538|9612|10195|binder:26538_8|0.000|0.0|0.000|0|5|5|0-7|0|1024|1024|3427|6561|3361
THREAD|36|4|26538|9594|10195|Light-P0-1402|0.000|0.0|0.000|0|5|5|0-7|0|1024|1024|0|1|0
THREAD|36|5|26538|9501|10195|Light-P0-1401|0.000|0.0|0.000|0|1|1|0-7|0|1024|1024|0|1|0
WINDOW|seq=37|t_cs=16308730|wall_ms=280|threads=355|busy_threads=1|total_runtime_ms=262.186|total_runq_wait_ms=0.022|tgids=5032,10622,15641,22534,25017,26538,27172,30630
THREAD|37|1|15641|15641|10999|sh|262.186|93.6|0.022|1|7|7|0-7|0|346|1024|8|0|67
THREAD|37|2|30630|9782|10324|binder:30630_7|0.000|0.0|0.000|0|0|0|0-7|0|1024|1024|246|472|239
THREAD|37|3|26538|9612|10195|binder:26538_8|0.000|0.0|0.000|0|5|5|0-7|0|1024|1024|3427|6561|3361
THREAD|37|4|26538|9594|10195|Light-P0-1402|0.000|0.0|0.000|0|5|5|0-7|0|1024|1024|0|1|0
THREAD|37|5|26538|9501|10195|Light-P0-1401|0.000|0.0|0.000|0|1|1|0-7|0|1024|1024|0|1|0
WINDOW|seq=38|t_cs=16308755|wall_ms=250|threads=355|busy_threads=1|total_runtime_ms=254.325|total_runq_wait_ms=0.038|tgids=5032,10622,15641,22534,25017,26538,27172,30630
THREAD|38|1|15641|15641|10999|sh|254.325|101.7|0.038|1|7|7|0-7|0|346|1024|8|0|68
THREAD|38|2|30630|9782|10324|binder:30630_7|0.000|0.0|0.000|0|0|0|0-7|0|1024|1024|246|472|239
THREAD|38|3|26538|9612|10195|binder:26538_8|0.000|0.0|0.000|0|5|5|0-7|0|1024|1024|3427|6561|3361
THREAD|38|4|26538|9594|10195|Light-P0-1402|0.000|0.0|0.000|0|5|5|0-7|0|1024|1024|0|1|0
THREAD|38|5|26538|9501|10195|Light-P0-1401|0.000|0.0|0.000|0|1|1|0-7|0|1024|1024|0|1|0
WINDOW|seq=39|t_cs=16308781|wall_ms=260|threads=355|busy_threads=1|total_runtime_ms=250.618|total_runq_wait_ms=0.027|tgids=5032,10622,15641,22534,25017,26538,27172,30630
THREAD|39|1|15641|15641|10999|sh|250.618|96.3|0.027|1|7|7|0-7|0|346|1024|8|0|69
THREAD|39|2|30630|9782|10324|binder:30630_7|0.000|0.0|0.000|0|0|0|0-7|0|1024|1024|246|472|239
THREAD|39|3|26538|9612|10195|binder:26538_8|0.000|0.0|0.000|0|5|5|0-7|0|1024|1024|3427|6561|3361
THREAD|39|4|26538|9594|10195|Light-P0-1402|0.000|0.0|0.000|0|5|5|0-7|0|1024|1024|0|1|0
THREAD|39|5|26538|9501|10195|Light-P0-1401|0.000|0.0|0.000|0|1|1|0-7|0|1024|1024|0|1|0
WINDOW|seq=40|t_cs=16308807|wall_ms=260|threads=355|busy_threads=1|total_runtime_ms=274.242|total_runq_wait_ms=0.068|tgids=5032,10622,15641,22534,25017,26538,27172,30630
THREAD|40|1|15641|15641|10999|sh|274.242|105.4|0.068|2|7|7|0-7|0|346|1024|8|0|71
THREAD|40|2|30630|9782|10324|binder:30630_7|0.000|0.0|0.000|0|0|0|0-7|0|1024|1024|246|472|239
THREAD|40|3|26538|9612|10195|binder:26538_8|0.000|0.0|0.000|0|5|5|0-7|0|1024|1024|3427|6561|3361
THREAD|40|4|26538|9594|10195|Light-P0-1402|0.000|0.0|0.000|0|5|5|0-7|0|1024|1024|0|1|0
THREAD|40|5|26538|9501|10195|Light-P0-1401|0.000|0.0|0.000|0|1|1|0-7|0|1024|1024|0|1|0
WINDOW|seq=41|t_cs=16308833|wall_ms=260|threads=355|busy_threads=3|total_runtime_ms=255.355|total_runq_wait_ms=0.000|tgids=5032,10622,15641,22534,25017,26538,27172,30630
THREAD|41|1|15641|15641|10999|sh|254.653|97.9|0.000|0|7|7|0-7|0|346|1024|8|0|71
THREAD|41|2|22534|22534|10192|.android.chrome|0.493|0.1|0.000|1|0|0|0-7|0|1024|1024|4031|8039|1098
THREAD|41|3|27172|27239|10192|CrGpuMain|0.207|0.0|0.000|1|0|0|0-7|0|1024|1024|899|1512|291
THREAD|41|4|30630|9782|10324|binder:30630_7|0.000|0.0|0.000|0|0|0|0-7|0|1024|1024|246|472|239
THREAD|41|5|26538|9612|10195|binder:26538_8|0.000|0.0|0.000|0|5|5|0-7|0|1024|1024|3427|6561|3361
WINDOW|seq=42|t_cs=16308857|wall_ms=240|threads=355|busy_threads=1|total_runtime_ms=238.529|total_runq_wait_ms=0.038|tgids=5032,10622,15641,22534,25017,26538,27172,30630
THREAD|42|1|15641|15641|10999|sh|238.529|99.3|0.038|1|7|7|0-7|0|1024|1024|8|0|73
THREAD|42|2|30630|9782|10324|binder:30630_7|0.000|0.0|0.000|0|0|0|0-7|0|1024|1024|246|472|239
THREAD|42|3|26538|9612|10195|binder:26538_8|0.000|0.0|0.000|0|5|5|0-7|0|1024|1024|3427|6561|3361
THREAD|42|4|26538|9594|10195|Light-P0-1402|0.000|0.0|0.000|0|5|5|0-7|0|1024|1024|0|1|0
THREAD|42|5|26538|9501|10195|Light-P0-1401|0.000|0.0|0.000|0|1|1|0-7|0|1024|1024|0|1|0
WINDOW|seq=43|t_cs=16308885|wall_ms=280|threads=355|busy_threads=1|total_runtime_ms=254.289|total_runq_wait_ms=0.043|tgids=5032,10622,15641,22534,25017,26538,27172,30630
THREAD|43|1|15641|15641|10999|sh|254.289|90.8|0.043|2|7|7|0-7|0|1024|1024|8|0|75
THREAD|43|2|30630|9782|10324|binder:30630_7|0.000|0.0|0.000|0|0|0|0-7|0|1024|1024|246|472|239
THREAD|43|3|26538|9612|10195|binder:26538_8|0.000|0.0|0.000|0|5|5|0-7|0|1024|1024|3427|6561|3361
THREAD|43|4|26538|9594|10195|Light-P0-1402|0.000|0.0|0.000|0|5|5|0-7|0|1024|1024|0|1|0
THREAD|43|5|26538|9501|10195|Light-P0-1401|0.000|0.0|0.000|0|1|1|0-7|0|1024|1024|0|1|0
WINDOW|seq=44|t_cs=16308911|wall_ms=260|threads=355|busy_threads=1|total_runtime_ms=270.194|total_runq_wait_ms=0.066|tgids=5032,10622,15641,22534,25017,26538,27172,30630
THREAD|44|1|15641|15641|10999|sh|270.194|103.9|0.066|2|7|7|0-7|0|1024|1024|8|0|76
THREAD|44|2|30630|9782|10324|binder:30630_7|0.000|0.0|0.000|0|0|0|0-7|0|1024|1024|246|472|239
THREAD|44|3|26538|9612|10195|binder:26538_8|0.000|0.0|0.000|0|5|5|0-7|0|1024|1024|3427|6561|3361
THREAD|44|4|26538|9594|10195|Light-P0-1402|0.000|0.0|0.000|0|5|5|0-7|0|1024|1024|0|1|0
THREAD|44|5|26538|9501|10195|Light-P0-1401|0.000|0.0|0.000|0|1|1|0-7|0|1024|1024|0|1|0
WINDOW|seq=45|t_cs=16308935|wall_ms=240|threads=355|busy_threads=1|total_runtime_ms=258.384|total_runq_wait_ms=0.000|tgids=5032,10622,15641,22534,25017,26538,27172,30630
THREAD|45|1|15641|15641|10999|sh|258.384|107.6|0.000|0|7|7|0-7|0|1024|1024|8|0|76
THREAD|45|2|30630|9782|10324|binder:30630_7|0.000|0.0|0.000|0|0|0|0-7|0|1024|1024|246|472|239
THREAD|45|3|26538|9612|10195|binder:26538_8|0.000|0.0|0.000|0|5|5|0-7|0|1024|1024|3427|6561|3361
THREAD|45|4|26538|9594|10195|Light-P0-1402|0.000|0.0|0.000|0|5|5|0-7|0|1024|1024|0|1|0
THREAD|45|5|26538|9501|10195|Light-P0-1401|0.000|0.0|0.000|0|1|1|0-7|0|1024|1024|0|1|0
WINDOW|seq=46|t_cs=16308961|wall_ms=260|threads=355|busy_threads=1|total_runtime_ms=254.540|total_runq_wait_ms=0.016|tgids=5032,10622,15641,22534,25017,26538,27172,30630
THREAD|46|1|15641|15641|10999|sh|254.540|97.9|0.016|1|7|7|0-7|0|1024|1024|8|0|77
THREAD|46|2|30630|9782|10324|binder:30630_7|0.000|0.0|0.000|0|0|0|0-7|0|1024|1024|246|472|239
THREAD|46|3|26538|9612|10195|binder:26538_8|0.000|0.0|0.000|0|5|5|0-7|0|1024|1024|3427|6561|3361
THREAD|46|4|26538|9594|10195|Light-P0-1402|0.000|0.0|0.000|0|5|5|0-7|0|1024|1024|0|1|0
THREAD|46|5|26538|9501|10195|Light-P0-1401|0.000|0.0|0.000|0|1|1|0-7|0|1024|1024|0|1|0
WINDOW|seq=47|t_cs=16308989|wall_ms=280|threads=355|busy_threads=1|total_runtime_ms=254.438|total_runq_wait_ms=0.040|tgids=5032,10622,15641,22534,25017,26538,27172,30630
THREAD|47|1|15641|15641|10999|sh|254.438|90.8|0.040|1|7|7|0-7|0|1024|1024|8|0|78
THREAD|47|2|30630|9782|10324|binder:30630_7|0.000|0.0|0.000|0|0|0|0-7|0|1024|1024|246|472|239
THREAD|47|3|26538|9612|10195|binder:26538_8|0.000|0.0|0.000|0|5|5|0-7|0|1024|1024|3427|6561|3361
THREAD|47|4|26538|9594|10195|Light-P0-1402|0.000|0.0|0.000|0|5|5|0-7|0|1024|1024|0|1|0
THREAD|47|5|26538|9501|10195|Light-P0-1401|0.000|0.0|0.000|0|1|1|0-7|0|1024|1024|0|1|0
WINDOW|seq=48|t_cs=16309015|wall_ms=260|threads=355|busy_threads=1|total_runtime_ms=262.537|total_runq_wait_ms=0.000|tgids=5032,10622,15641,22534,25017,26538,27172,30630
THREAD|48|1|15641|15641|10999|sh|262.537|100.9|0.000|0|7|7|0-7|0|1024|1024|8|0|78
THREAD|48|2|30630|9782|10324|binder:30630_7|0.000|0.0|0.000|0|0|0|0-7|0|1024|1024|246|472|239
THREAD|48|3|26538|9612|10195|binder:26538_8|0.000|0.0|0.000|0|5|5|0-7|0|1024|1024|3427|6561|3361
THREAD|48|4|26538|9594|10195|Light-P0-1402|0.000|0.0|0.000|0|5|5|0-7|0|1024|1024|0|1|0
THREAD|48|5|26538|9501|10195|Light-P0-1401|0.000|0.0|0.000|0|1|1|0-7|0|1024|1024|0|1|0
WINDOW|seq=49|t_cs=16309039|wall_ms=240|threads=355|busy_threads=1|total_runtime_ms=258.365|total_runq_wait_ms=0.000|tgids=5032,10622,15641,22534,25017,26538,27172,30630
THREAD|49|1|15641|15641|10999|sh|258.365|107.6|0.000|0|7|7|0-7|0|1024|1024|8|0|78
THREAD|49|2|30630|9782|10324|binder:30630_7|0.000|0.0|0.000|0|0|0|0-7|0|1024|1024|246|472|239
THREAD|49|3|26538|9612|10195|binder:26538_8|0.000|0.0|0.000|0|5|5|0-7|0|1024|1024|3427|6561|3361
THREAD|49|4|26538|9594|10195|Light-P0-1402|0.000|0.0|0.000|0|5|5|0-7|0|1024|1024|0|1|0
THREAD|49|5|26538|9501|10195|Light-P0-1401|0.000|0.0|0.000|0|1|1|0-7|0|1024|1024|0|1|0
WINDOW|seq=50|t_cs=16309068|wall_ms=290|threads=355|busy_threads=1|total_runtime_ms=250.554|total_runq_wait_ms=0.007|tgids=5032,10622,15641,22534,25017,26538,27172,30630
THREAD|50|1|15641|15641|10999|sh|250.554|86.3|0.007|1|7|7|0-7|0|1024|1024|8|0|79
THREAD|50|2|30630|9782|10324|binder:30630_7|0.000|0.0|0.000|0|0|0|0-7|0|1024|1024|246|472|239
THREAD|50|3|26538|9612|10195|binder:26538_8|0.000|0.0|0.000|0|5|5|0-7|0|1024|1024|3427|6561|3361
THREAD|50|4|26538|9594|10195|Light-P0-1402|0.000|0.0|0.000|0|5|5|0-7|0|1024|1024|0|1|0
THREAD|50|5|26538|9501|10195|Light-P0-1401|0.000|0.0|0.000|0|1|1|0-7|0|1024|1024|0|1|0
WINDOW|seq=51|t_cs=16309088|wall_ms=200|threads=355|busy_threads=1|total_runtime_ms=238.484|total_runq_wait_ms=0.000|tgids=5032,10622,15641,22534,25017,26538,27172,30630
THREAD|51|1|15641|15641|10999|sh|238.484|119.2|0.000|0|7|7|0-7|0|1024|1024|8|0|79
THREAD|51|2|30630|9782|10324|binder:30630_7|0.000|0.0|0.000|0|0|0|0-7|0|1024|1024|246|472|239
THREAD|51|3|26538|9612|10195|binder:26538_8|0.000|0.0|0.000|0|5|5|0-7|0|1024|1024|3427|6561|3361
THREAD|51|4|26538|9594|10195|Light-P0-1402|0.000|0.0|0.000|0|5|5|0-7|0|1024|1024|0|1|0
THREAD|51|5|26538|9501|10195|Light-P0-1401|0.000|0.0|0.000|0|1|1|0-7|0|1024|1024|0|1|0
WINDOW|seq=52|t_cs=16309118|wall_ms=300|threads=355|busy_threads=1|total_runtime_ms=266.153|total_runq_wait_ms=0.072|tgids=5032,10622,15641,22534,25017,26538,27172,30630
THREAD|52|1|15641|15641|10999|sh|266.153|88.7|0.072|2|7|7|0-7|0|1024|1024|8|0|81
THREAD|52|2|30630|9782|10324|binder:30630_7|0.000|0.0|0.000|0|0|0|0-7|0|1024|1024|246|472|239
THREAD|52|3|26538|9612|10195|binder:26538_8|0.000|0.0|0.000|0|5|5|0-7|0|1024|1024|3427|6561|3361
THREAD|52|4|26538|9594|10195|Light-P0-1402|0.000|0.0|0.000|0|5|5|0-7|0|1024|1024|0|1|0
THREAD|52|5|26538|9501|10195|Light-P0-1401|0.000|0.0|0.000|0|1|1|0-7|0|1024|1024|0|1|0
WINDOW|seq=53|t_cs=16309141|wall_ms=230|threads=355|busy_threads=1|total_runtime_ms=250.413|total_runq_wait_ms=0.000|tgids=5032,10622,15641,22534,25017,26538,27172,30630
THREAD|53|1|15641|15641|10999|sh|250.413|108.8|0.000|0|7|7|0-7|0|1024|1024|8|0|81
THREAD|53|2|30630|9782|10324|binder:30630_7|0.000|0.0|0.000|0|0|0|0-7|0|1024|1024|246|472|239
THREAD|53|3|26538|9612|10195|binder:26538_8|0.000|0.0|0.000|0|5|5|0-7|0|1024|1024|3427|6561|3361
THREAD|53|4|26538|9594|10195|Light-P0-1402|0.000|0.0|0.000|0|5|5|0-7|0|1024|1024|0|1|0
THREAD|53|5|26538|9501|10195|Light-P0-1401|0.000|0.0|0.000|0|1|1|0-7|0|1024|1024|0|1|0
WINDOW|seq=54|t_cs=16309167|wall_ms=260|threads=355|busy_threads=1|total_runtime_ms=254.399|total_runq_wait_ms=0.022|tgids=5032,10622,15641,22534,25017,26538,27172,30630
THREAD|54|1|15641|15641|10999|sh|254.399|97.8|0.022|1|7|7|0-7|0|1024|1024|8|0|82
THREAD|54|2|30630|9782|10324|binder:30630_7|0.000|0.0|0.000|0|0|0|0-7|0|1024|1024|246|472|239
THREAD|54|3|26538|9612|10195|binder:26538_8|0.000|0.0|0.000|0|5|5|0-7|0|1024|1024|3427|6561|3361
THREAD|54|4|26538|9594|10195|Light-P0-1402|0.000|0.0|0.000|0|5|5|0-7|0|1024|1024|0|1|0
THREAD|54|5|26538|9501|10195|Light-P0-1401|0.000|0.0|0.000|0|1|1|0-7|0|1024|1024|0|1|0
WINDOW|seq=55|t_cs=16309195|wall_ms=280|threads=355|busy_threads=1|total_runtime_ms=258.326|total_runq_wait_ms=0.000|tgids=5032,10622,15641,22534,25017,26538,27172,30630
THREAD|55|1|15641|15641|10999|sh|258.326|92.2|0.000|0|7|7|0-7|0|1024|1024|8|0|82
THREAD|55|2|30630|9782|10324|binder:30630_7|0.000|0.0|0.000|0|0|0|0-7|0|1024|1024|246|472|239
THREAD|55|3|26538|9612|10195|binder:26538_8|0.000|0.0|0.000|0|5|5|0-7|0|1024|1024|3427|6561|3361
THREAD|55|4|26538|9594|10195|Light-P0-1402|0.000|0.0|0.000|0|5|5|0-7|0|1024|1024|0|1|0
THREAD|55|5|26538|9501|10195|Light-P0-1401|0.000|0.0|0.000|0|1|1|0-7|0|1024|1024|0|1|0
WINDOW|seq=56|t_cs=16309217|wall_ms=220|threads=355|busy_threads=2|total_runtime_ms=255.033|total_runq_wait_ms=0.000|tgids=5032,10622,15641,22534,25017,26538,27172,30630
THREAD|56|1|15641|15641|10999|sh|254.451|115.6|0.000|0|7|7|0-7|0|1024|1024|8|0|82
THREAD|56|2|27172|27239|10192|CrGpuMain|0.581|0.2|0.000|1|0|0|0-7|0|1024|1024|899|1513|291
THREAD|56|3|30630|9782|10324|binder:30630_7|0.000|0.0|0.000|0|0|0|0-7|0|1024|1024|246|472|239
THREAD|56|4|26538|9612|10195|binder:26538_8|0.000|0.0|0.000|0|5|5|0-7|0|1024|1024|3427|6561|3361
THREAD|56|5|26538|9594|10195|Light-P0-1402|0.000|0.0|0.000|0|5|5|0-7|0|1024|1024|0|1|0
WINDOW|seq=57|t_cs=16309243|wall_ms=260|threads=355|busy_threads=5|total_runtime_ms=244.253|total_runq_wait_ms=0.024|tgids=5032,10622,15641,22534,25017,26538,27172,30630
THREAD|57|1|15641|15641|10999|sh|242.463|93.2|0.000|0|7|7|0-7|0|1024|1024|8|0|82
THREAD|57|2|25017|25032|90002|CrRendererMain|0.758|0.2|0.019|2|4|0|0-7|0|1024|1024|915|1590|501
THREAD|57|3|22534|22534|10192|.android.chrome|0.527|0.2|0.005|3|0|0|0-7|0|1024|1024|4031|8041|1099
THREAD|57|4|22534|27086|10192|Chrome_IOThread|0.414|0.1|0.000|2|4|4|0-7|0|1024|1024|2426|4796|241
THREAD|57|5|25017|25037|90002|Chrome_ChildIOT|0.089|0.0|0.000|1|0|1|0-7|0|1024|1024|723|1506|54
WINDOW|seq=58|t_cs=16309269|wall_ms=260|threads=355|busy_threads=1|total_runtime_ms=258.163|total_runq_wait_ms=0.031|tgids=5032,10622,15641,22534,25017,26538,27172,30630
THREAD|58|1|15641|15641|10999|sh|258.163|99.2|0.031|1|7|7|0-7|0|1024|1024|8|0|83
THREAD|58|2|30630|9782|10324|binder:30630_7|0.000|0.0|0.000|0|0|0|0-7|0|1024|1024|246|472|239
THREAD|58|3|26538|9612|10195|binder:26538_8|0.000|0.0|0.000|0|5|5|0-7|0|1024|1024|3427|6561|3361
THREAD|58|4|26538|9594|10195|Light-P0-1402|0.000|0.0|0.000|0|5|5|0-7|0|1024|1024|0|1|0
THREAD|58|5|26538|9501|10195|Light-P0-1401|0.000|0.0|0.000|0|1|1|0-7|0|1024|1024|0|1|0
WINDOW|seq=59|t_cs=16309296|wall_ms=270|threads=355|busy_threads=1|total_runtime_ms=258.452|total_runq_wait_ms=0.000|tgids=5032,10622,15641,22534,25017,26538,27172,30630
THREAD|59|1|15641|15641|10999|sh|258.452|95.7|0.000|0|7|7|0-7|0|1024|1024|8|0|84
THREAD|59|2|30630|9782|10324|binder:30630_7|0.000|0.0|0.000|0|0|0|0-7|0|1024|1024|246|472|239
THREAD|59|3|26538|9612|10195|binder:26538_8|0.000|0.0|0.000|0|5|5|0-7|0|1024|1024|3427|6561|3361
THREAD|59|4|26538|9594|10195|Light-P0-1402|0.000|0.0|0.000|0|5|5|0-7|0|1024|1024|0|1|0
THREAD|59|5|26538|9501|10195|Light-P0-1401|0.000|0.0|0.000|0|1|1|0-7|0|1024|1024|0|1|0
WINDOW|seq=60|t_cs=16309322|wall_ms=260|threads=355|busy_threads=1|total_runtime_ms=262.314|total_runq_wait_ms=0.096|tgids=5032,10622,15641,22534,25017,26538,27172,30630
THREAD|60|1|15641|15641|10999|sh|262.314|100.8|0.096|3|7|7|0-7|0|1024|1024|8|0|86
THREAD|60|2|30630|9782|10324|binder:30630_7|0.000|0.0|0.000|0|0|0|0-7|0|1024|1024|246|472|239
THREAD|60|3|26538|9612|10195|binder:26538_8|0.000|0.0|0.000|0|5|5|0-7|0|1024|1024|3427|6561|3361
THREAD|60|4|26538|9594|10195|Light-P0-1402|0.000|0.0|0.000|0|5|5|0-7|0|1024|1024|0|1|0
THREAD|60|5|26538|9501|10195|Light-P0-1401|0.000|0.0|0.000|0|1|1|0-7|0|1024|1024|0|1|0
WINDOW|seq=61|t_cs=16309346|wall_ms=240|threads=355|busy_threads=1|total_runtime_ms=258.181|total_runq_wait_ms=0.047|tgids=5032,10622,15641,22534,25017,26538,27172,30630
THREAD|61|1|15641|15641|10999|sh|258.181|107.5|0.047|1|7|7|0-7|0|1024|1024|8|0|87
THREAD|61|2|30630|9782|10324|binder:30630_7|0.000|0.0|0.000|0|0|0|0-7|0|1024|1024|246|472|239
THREAD|61|3|26538|9612|10195|binder:26538_8|0.000|0.0|0.000|0|5|5|0-7|0|1024|1024|3427|6561|3361
THREAD|61|4|26538|9594|10195|Light-P0-1402|0.000|0.0|0.000|0|5|5|0-7|0|1024|1024|0|1|0
THREAD|61|5|26538|9501|10195|Light-P0-1401|0.000|0.0|0.000|0|1|1|0-7|0|1024|1024|0|1|0
WINDOW|seq=62|t_cs=16309376|wall_ms=300|threads=355|busy_threads=1|total_runtime_ms=270.169|total_runq_wait_ms=0.020|tgids=5032,10622,15641,22534,25017,26538,27172,30630
THREAD|62|1|15641|15641|10999|sh|270.169|90.0|0.020|1|7|7|0-7|0|1024|1024|8|0|88
THREAD|62|2|30630|9782|10324|binder:30630_7|0.000|0.0|0.000|0|0|0|0-7|0|1024|1024|246|472|239
THREAD|62|3|26538|9612|10195|binder:26538_8|0.000|0.0|0.000|0|5|5|0-7|0|1024|1024|3427|6561|3361
THREAD|62|4|26538|9594|10195|Light-P0-1402|0.000|0.0|0.000|0|5|5|0-7|0|1024|1024|0|1|0
THREAD|62|5|26538|9501|10195|Light-P0-1401|0.000|0.0|0.000|0|1|1|0-7|0|1024|1024|0|1|0
WINDOW|seq=63|t_cs=16309401|wall_ms=250|threads=355|busy_threads=1|total_runtime_ms=270.103|total_runq_wait_ms=0.060|tgids=5032,10622,15641,22534,25017,26538,27172,30630
THREAD|63|1|15641|15641|10999|sh|270.103|108.0|0.060|1|7|7|0-7|0|1024|1024|8|0|89
THREAD|63|2|30630|9782|10324|binder:30630_7|0.000|0.0|0.000|0|0|0|0-7|0|1024|1024|246|472|239
THREAD|63|3|26538|9612|10195|binder:26538_8|0.000|0.0|0.000|0|5|5|0-7|0|1024|1024|3427|6561|3361
THREAD|63|4|26538|9594|10195|Light-P0-1402|0.000|0.0|0.000|0|5|5|0-7|0|1024|1024|0|1|0
THREAD|63|5|26538|9501|10195|Light-P0-1401|0.000|0.0|0.000|0|1|1|0-7|0|1024|1024|0|1|0
WINDOW|seq=64|t_cs=16309425|wall_ms=240|threads=355|busy_threads=1|total_runtime_ms=246.256|total_runq_wait_ms=0.019|tgids=5032,10622,15641,22534,25017,26538,27172,30630
THREAD|64|1|15641|15641|10999|sh|246.256|102.6|0.019|1|7|7|0-7|0|1024|1024|8|0|90
THREAD|64|2|30630|9782|10324|binder:30630_7|0.000|0.0|0.000|0|0|0|0-7|0|1024|1024|246|472|239
THREAD|64|3|26538|9612|10195|binder:26538_8|0.000|0.0|0.000|0|5|5|0-7|0|1024|1024|3427|6561|3361
THREAD|64|4|26538|9594|10195|Light-P0-1402|0.000|0.0|0.000|0|5|5|0-7|0|1024|1024|0|1|0
THREAD|64|5|26538|9501|10195|Light-P0-1401|0.000|0.0|0.000|0|1|1|0-7|0|1024|1024|0|1|0
WINDOW|seq=65|t_cs=16309453|wall_ms=280|threads=355|busy_threads=1|total_runtime_ms=250.237|total_runq_wait_ms=0.055|tgids=5032,10622,15641,22534,25017,26538,27172,30630
THREAD|65|1|15641|15641|10999|sh|250.237|89.3|0.055|1|7|7|0-7|0|1024|1024|8|0|91
THREAD|65|2|30630|9782|10324|binder:30630_7|0.000|0.0|0.000|0|0|0|0-7|0|1024|1024|246|472|239
THREAD|65|3|26538|9612|10195|binder:26538_8|0.000|0.0|0.000|0|5|5|0-7|0|1024|1024|3427|6561|3361
THREAD|65|4|26538|9594|10195|Light-P0-1402|0.000|0.0|0.000|0|5|5|0-7|0|1024|1024|0|1|0
THREAD|65|5|26538|9501|10195|Light-P0-1401|0.000|0.0|0.000|0|1|1|0-7|0|1024|1024|0|1|0
WINDOW|seq=66|t_cs=16309476|wall_ms=230|threads=355|busy_threads=1|total_runtime_ms=250.332|total_runq_wait_ms=0.077|tgids=5032,10622,15641,22534,25017,26538,27172,30630
THREAD|66|1|15641|15641|10999|sh|250.332|108.8|0.077|2|7|7|0-7|0|1024|1024|8|0|93
THREAD|66|2|30630|9782|10324|binder:30630_7|0.000|0.0|0.000|0|0|0|0-7|0|1024|1024|246|472|239
THREAD|66|3|26538|9612|10195|binder:26538_8|0.000|0.0|0.000|0|5|5|0-7|0|1024|1024|3427|6561|3361
THREAD|66|4|26538|9594|10195|Light-P0-1402|0.000|0.0|0.000|0|5|5|0-7|0|1024|1024|0|1|0
THREAD|66|5|26538|9501|10195|Light-P0-1401|0.000|0.0|0.000|0|1|1|0-7|0|1024|1024|0|1|0
WINDOW|seq=67|t_cs=16309505|wall_ms=290|threads=355|busy_threads=1|total_runtime_ms=266.172|total_runq_wait_ms=0.060|tgids=5032,10622,15641,22534,25017,26538,27172,30630
THREAD|67|1|15641|15641|10999|sh|266.172|91.7|0.060|2|7|7|0-7|0|1024|1024|8|0|95
THREAD|67|2|30630|9782|10324|binder:30630_7|0.000|0.0|0.000|0|0|0|0-7|0|1024|1024|246|472|239
THREAD|67|3|26538|9612|10195|binder:26538_8|0.000|0.0|0.000|0|5|5|0-7|0|1024|1024|3427|6561|3361
THREAD|67|4|26538|9594|10195|Light-P0-1402|0.000|0.0|0.000|0|5|5|0-7|0|1024|1024|0|1|0
THREAD|67|5|26538|9501|10195|Light-P0-1401|0.000|0.0|0.000|0|1|1|0-7|0|1024|1024|0|1|0
WINDOW|seq=68|t_cs=16309529|wall_ms=240|threads=355|busy_threads=1|total_runtime_ms=266.142|total_runq_wait_ms=0.024|tgids=5032,10622,15641,22534,25017,26538,27172,30630
THREAD|68|1|15641|15641|10999|sh|266.142|110.8|0.024|1|7|7|0-7|0|1024|1024|8|0|96
THREAD|68|2|30630|9782|10324|binder:30630_7|0.000|0.0|0.000|0|0|0|0-7|0|1024|1024|246|472|239
THREAD|68|3|26538|9612|10195|binder:26538_8|0.000|0.0|0.000|0|5|5|0-7|0|1024|1024|3427|6561|3361
THREAD|68|4|26538|9594|10195|Light-P0-1402|0.000|0.0|0.000|0|5|5|0-7|0|1024|1024|0|1|0
THREAD|68|5|26538|9501|10195|Light-P0-1401|0.000|0.0|0.000|0|1|1|0-7|0|1024|1024|0|1|0
WINDOW|seq=69|t_cs=16309557|wall_ms=280|threads=355|busy_threads=1|total_runtime_ms=244.022|total_runq_wait_ms=0.080|tgids=5032,10622,15641,22534,25017,26538,27172,30630
THREAD|69|1|15641|15641|10999|sh|244.022|87.1|0.080|2|7|7|0-7|0|1024|1024|8|0|98
THREAD|69|2|30630|9782|10324|binder:30630_7|0.000|0.0|0.000|0|0|0|0-7|0|1024|1024|246|472|239
THREAD|69|3|26538|9612|10195|binder:26538_8|0.000|0.0|0.000|0|5|5|0-7|0|1024|1024|3427|6561|3361
THREAD|69|4|26538|9594|10195|Light-P0-1402|0.000|0.0|0.000|0|5|5|0-7|0|1024|1024|0|1|0
THREAD|69|5|26538|9501|10195|Light-P0-1401|0.000|0.0|0.000|0|1|1|0-7|0|1024|1024|0|1|0
WINDOW|seq=70|t_cs=16309580|wall_ms=230|threads=355|busy_threads=1|total_runtime_ms=264.811|total_runq_wait_ms=0.000|tgids=5032,10622,15641,22534,25017,26538,27172,30630
THREAD|70|1|15641|15641|10999|sh|264.811|115.1|0.000|0|7|7|0-7|0|1024|1024|8|0|98
THREAD|70|2|30630|9782|10324|binder:30630_7|0.000|0.0|0.000|0|0|0|0-7|0|1024|1024|246|472|239
THREAD|70|3|26538|9612|10195|binder:26538_8|0.000|0.0|0.000|0|5|5|0-7|0|1024|1024|3427|6561|3361
THREAD|70|4|26538|9594|10195|Light-P0-1402|0.000|0.0|0.000|0|5|5|0-7|0|1024|1024|0|1|0
THREAD|70|5|26538|9501|10195|Light-P0-1401|0.000|0.0|0.000|0|1|1|0-7|0|1024|1024|0|1|0
WINDOW|seq=71|t_cs=16309609|wall_ms=290|threads=355|busy_threads=1|total_runtime_ms=260.633|total_runq_wait_ms=0.041|tgids=5032,10622,15641,22534,25017,26538,27172,30630
THREAD|71|1|15641|15641|10999|sh|260.633|89.8|0.041|1|7|7|0-7|0|1024|1024|8|0|99
THREAD|71|2|30630|9782|10324|binder:30630_7|0.000|0.0|0.000|0|0|0|0-7|0|1024|1024|246|472|239
THREAD|71|3|26538|9612|10195|binder:26538_8|0.000|0.0|0.000|0|5|5|0-7|0|1024|1024|3427|6561|3361
THREAD|71|4|26538|9594|10195|Light-P0-1402|0.000|0.0|0.000|0|5|5|0-7|0|1024|1024|0|1|0
THREAD|71|5|26538|9501|10195|Light-P0-1401|0.000|0.0|0.000|0|1|1|0-7|0|1024|1024|0|1|0
WINDOW|seq=72|t_cs=16309634|wall_ms=250|threads=355|busy_threads=3|total_runtime_ms=268.561|total_runq_wait_ms=0.021|tgids=5032,10622,15641,22534,25017,26538,27172,30630
THREAD|72|1|15641|15641|10999|sh|267.882|107.1|0.021|1|7|7|0-7|0|1024|1024|8|0|100
THREAD|72|2|22534|22534|10192|.android.chrome|0.495|0.1|0.000|1|0|0|0-7|0|1024|1024|4031|8042|1099
THREAD|72|3|27172|27239|10192|CrGpuMain|0.184|0.0|0.000|1|0|5|0-7|0|1024|1024|900|1514|291
THREAD|72|4|30630|9782|10324|binder:30630_7|0.000|0.0|0.000|0|0|0|0-7|0|1024|1024|246|472|239
THREAD|72|5|26538|9612|10195|binder:26538_8|0.000|0.0|0.000|0|5|5|0-7|0|1024|1024|3427|6561|3361
WINDOW|seq=73|t_cs=16309662|wall_ms=280|threads=355|busy_threads=1|total_runtime_ms=250.412|total_runq_wait_ms=0.000|tgids=5032,10622,15641,22534,25017,26538,27172,30630
THREAD|73|1|15641|15641|10999|sh|250.412|89.4|0.000|0|7|7|0-7|0|1024|1024|8|0|100
THREAD|73|2|30630|9782|10324|binder:30630_7|0.000|0.0|0.000|0|0|0|0-7|0|1024|1024|246|472|239
THREAD|73|3|26538|9612|10195|binder:26538_8|0.000|0.0|0.000|0|5|5|0-7|0|1024|1024|3427|6561|3361
THREAD|73|4|26538|9594|10195|Light-P0-1402|0.000|0.0|0.000|0|5|5|0-7|0|1024|1024|0|1|0
THREAD|73|5|26538|9501|10195|Light-P0-1401|0.000|0.0|0.000|0|1|1|0-7|0|1024|1024|0|1|0
WINDOW|seq=74|t_cs=16309683|wall_ms=210|threads=355|busy_threads=1|total_runtime_ms=242.550|total_runq_wait_ms=0.000|tgids=5032,10622,15641,22534,25017,26538,27172,30630
THREAD|74|1|15641|15641|10999|sh|242.550|115.5|0.000|0|7|7|0-7|0|1024|1024|8|0|100
THREAD|74|2|30630|9782|10324|binder:30630_7|0.000|0.0|0.000|0|0|0|0-7|0|1024|1024|246|472|239
THREAD|74|3|26538|9612|10195|binder:26538_8|0.000|0.0|0.000|0|5|5|0-7|0|1024|1024|3427|6561|3361
THREAD|74|4|26538|9594|10195|Light-P0-1402|0.000|0.0|0.000|0|5|5|0-7|0|1024|1024|0|1|0
THREAD|74|5|26538|9501|10195|Light-P0-1401|0.000|0.0|0.000|0|1|1|0-7|0|1024|1024|0|1|0
WINDOW|seq=75|t_cs=16309709|wall_ms=260|threads=355|busy_threads=1|total_runtime_ms=258.372|total_runq_wait_ms=0.000|tgids=5032,10622,15641,22534,25017,26538,27172,30630
THREAD|75|1|15641|15641|10999|sh|258.372|99.3|0.000|0|7|7|0-7|0|1024|1024|8|0|100
THREAD|75|2|30630|9782|10324|binder:30630_7|0.000|0.0|0.000|0|0|0|0-7|0|1024|1024|246|472|239
THREAD|75|3|26538|9612|10195|binder:26538_8|0.000|0.0|0.000|0|5|5|0-7|0|1024|1024|3427|6561|3361
THREAD|75|4|26538|9594|10195|Light-P0-1402|0.000|0.0|0.000|0|5|5|0-7|0|1024|1024|0|1|0
THREAD|75|5|26538|9501|10195|Light-P0-1401|0.000|0.0|0.000|0|1|1|0-7|0|1024|1024|0|1|0
WINDOW|seq=76|t_cs=16309738|wall_ms=290|threads=355|busy_threads=8|total_runtime_ms=250.608|total_runq_wait_ms=0.159|tgids=5032,10622,15641,22534,25017,26538,27172,30630
THREAD|76|1|15641|15641|10999|sh|250.399|86.3|0.061|1|7|7|0-7|0|1024|1024|8|0|102
THREAD|76|2|27172|27250|10192|GpuWatchdog|0.086|0.0|0.006|1|1|5|0-7|0|1024|1024|20|41|6
THREAD|76|3|5032|26579|10117|DefaultDispatch|0.043|0.0|0.000|1|5|5|0-7|0|1024|1024|658|1646|103
THREAD|76|4|5032|23771|10117|DefaultDispatch|0.029|0.0|0.000|1|0|1|0-7|0|1024|1024|567|1578|141
THREAD|76|5|27172|27310|10192|GpuWatchdog_Com|0.028|0.0|0.092|1|4|5|0-7|0|1024|1024|19|35|8
WINDOW|seq=77|t_cs=16309760|wall_ms=220|threads=355|busy_threads=4|total_runtime_ms=254.959|total_runq_wait_ms=0.075|tgids=5032,10622,15641,22534,25017,26538,27172,30630
THREAD|77|1|15641|15641|10999|sh|254.322|115.6|0.031|1|7|7|0-7|0|1024|1024|8|0|102
THREAD|77|2|22534|26965|10192|ThreadPoolForeg|0.314|0.1|0.000|1|5|5|0-7|0|1024|1024|1793|5716|1361
THREAD|77|3|22534|27090|10192|NetworkService|0.250|0.1|0.000|1|0|1|0-7|0|1024|1024|1283|2969|1261
THREAD|77|4|22534|26963|10192|ThreadPoolServi|0.072|0.0|0.043|1|7|4|0-7|0|1024|1024|136|223|32
THREAD|77|5|30630|9782|10324|binder:30630_7|0.000|0.0|0.000|0|0|0|0-7|0|1024|1024|246|472|239
WINDOW|seq=78|t_cs=16309786|wall_ms=260|threads=355|busy_threads=1|total_runtime_ms=258.230|total_runq_wait_ms=0.069|tgids=5032,10622,15641,22534,25017,26538,27172,30630
THREAD|78|1|15641|15641|10999|sh|258.230|99.3|0.069|2|7|7|0-7|0|1024|1024|8|0|104
THREAD|78|2|30630|9782|10324|binder:30630_7|0.000|0.0|0.000|0|0|0|0-7|0|1024|1024|246|472|239
THREAD|78|3|26538|9612|10195|binder:26538_8|0.000|0.0|0.000|0|5|5|0-7|0|1024|1024|3427|6561|3361
THREAD|78|4|26538|9594|10195|Light-P0-1402|0.000|0.0|0.000|0|5|5|0-7|0|1024|1024|0|1|0
THREAD|78|5|26538|9501|10195|Light-P0-1401|0.000|0.0|0.000|0|1|1|0-7|0|1024|1024|0|1|0
WINDOW|seq=79|t_cs=16309814|wall_ms=280|threads=355|busy_threads=1|total_runtime_ms=254.410|total_runq_wait_ms=0.061|tgids=5032,10622,15641,22534,25017,26538,27172,30630
THREAD|79|1|15641|15641|10999|sh|254.410|90.8|0.061|2|7|7|0-7|0|1024|1024|8|0|106
THREAD|79|2|30630|9782|10324|binder:30630_7|0.000|0.0|0.000|0|0|0|0-7|0|1024|1024|246|472|239
THREAD|79|3|26538|9612|10195|binder:26538_8|0.000|0.0|0.000|0|5|5|0-7|0|1024|1024|3427|6561|3361
THREAD|79|4|26538|9594|10195|Light-P0-1402|0.000|0.0|0.000|0|5|5|0-7|0|1024|1024|0|1|0
THREAD|79|5|26538|9501|10195|Light-P0-1401|0.000|0.0|0.000|0|1|1|0-7|0|1024|1024|0|1|0
WINDOW|seq=80|t_cs=16309836|wall_ms=220|threads=355|busy_threads=1|total_runtime_ms=246.368|total_runq_wait_ms=0.055|tgids=5032,10622,15641,22534,25017,26538,27172,30630
THREAD|80|1|15641|15641|10999|sh|246.368|111.9|0.055|1|7|7|0-7|0|1024|1024|8|0|107
THREAD|80|2|30630|9782|10324|binder:30630_7|0.000|0.0|0.000|0|0|0|0-7|0|1024|1024|246|472|239
THREAD|80|3|26538|9612|10195|binder:26538_8|0.000|0.0|0.000|0|5|5|0-7|0|1024|1024|3427|6561|3361
THREAD|80|4|26538|9594|10195|Light-P0-1402|0.000|0.0|0.000|0|5|5|0-7|0|1024|1024|0|1|0
THREAD|80|5|26538|9501|10195|Light-P0-1401|0.000|0.0|0.000|0|1|1|0-7|0|1024|1024|0|1|0
WINDOW|seq=81|t_cs=16309862|wall_ms=260|threads=355|busy_threads=1|total_runtime_ms=254.427|total_runq_wait_ms=0.024|tgids=5032,10622,15641,22534,25017,26538,27172,30630
THREAD|81|1|15641|15641|10999|sh|254.427|97.8|0.024|1|7|7|0-7|0|1024|1024|8|0|108
THREAD|81|2|30630|9782|10324|binder:30630_7|0.000|0.0|0.000|0|0|0|0-7|0|1024|1024|246|472|239
THREAD|81|3|26538|9612|10195|binder:26538_8|0.000|0.0|0.000|0|5|5|0-7|0|1024|1024|3427|6561|3361
THREAD|81|4|26538|9594|10195|Light-P0-1402|0.000|0.0|0.000|0|5|5|0-7|0|1024|1024|0|1|0
THREAD|81|5|26538|9501|10195|Light-P0-1401|0.000|0.0|0.000|0|1|1|0-7|0|1024|1024|0|1|0
WINDOW|seq=82|t_cs=16309887|wall_ms=250|threads=355|busy_threads=2|total_runtime_ms=254.440|total_runq_wait_ms=0.000|tgids=5032,10622,15641,22534,25017,26538,27172,30630
THREAD|82|1|15641|15641|10999|sh|254.328|101.7|0.000|0|7|7|0-7|0|1024|1024|8|0|108
THREAD|82|2|22534|26965|10192|ThreadPoolForeg|0.111|0.0|0.000|1|5|0|0-7|0|1024|1024|1794|5717|1361
THREAD|82|3|30630|9782|10324|binder:30630_7|0.000|0.0|0.000|0|0|0|0-7|0|1024|1024|246|472|239
THREAD|82|4|26538|9612|10195|binder:26538_8|0.000|0.0|0.000|0|5|5|0-7|0|1024|1024|3427|6561|3361
THREAD|82|5|26538|9594|10195|Light-P0-1402|0.000|0.0|0.000|0|5|5|0-7|0|1024|1024|0|1|0
WINDOW|seq=83|t_cs=16309916|wall_ms=290|threads=355|busy_threads=1|total_runtime_ms=250.354|total_runq_wait_ms=0.030|tgids=5032,10622,15641,22534,25017,26538,27172,30630
THREAD|83|1|15641|15641|10999|sh|250.354|86.3|0.030|1|7|7|0-7|0|1024|1024|8|0|109
THREAD|83|2|30630|9782|10324|binder:30630_7|0.000|0.0|0.000|0|0|0|0-7|0|1024|1024|246|472|239
THREAD|83|3|26538|9612|10195|binder:26538_8|0.000|0.0|0.000|0|5|5|0-7|0|1024|1024|3427|6561|3361
THREAD|83|4|26538|9594|10195|Light-P0-1402|0.000|0.0|0.000|0|5|5|0-7|0|1024|1024|0|1|0
THREAD|83|5|26538|9501|10195|Light-P0-1401|0.000|0.0|0.000|0|1|1|0-7|0|1024|1024|0|1|0
WINDOW|seq=84|t_cs=16309939|wall_ms=230|threads=355|busy_threads=1|total_runtime_ms=266.139|total_runq_wait_ms=0.000|tgids=5032,10622,15641,22534,25017,26538,27172,30630
THREAD|84|1|15641|15641|10999|sh|266.139|115.7|0.000|0|7|7|0-7|0|1024|1024|8|0|109
THREAD|84|2|30630|9782|10324|binder:30630_7|0.000|0.0|0.000|0|0|0|0-7|0|1024|1024|246|472|239
THREAD|84|3|26538|9612|10195|binder:26538_8|0.000|0.0|0.000|0|5|5|0-7|0|1024|1024|3427|6561|3361
THREAD|84|4|26538|9594|10195|Light-P0-1402|0.000|0.0|0.000|0|5|5|0-7|0|1024|1024|0|1|0
THREAD|84|5|26538|9501|10195|Light-P0-1401|0.000|0.0|0.000|0|1|1|0-7|0|1024|1024|0|1|0
