# started 2026-09-21 14:18:28  level/status: level=3 held=yes cfb=0 prime=3513600 junc=31C left=常开 pids=12628 26316 7390 8945 
# p6max=3513600 p0max=2918400 cfb=0
# node=0:2918400 1:2918400 2:2918400 3:2918400 4:2918400 5:2918400 6:3513600 7:3513600 
ts|c0|c1|c2|c3|c4|c5|c6|c7|p0max|p6max|junc|shell|cfb|cool
1789993108|2400000|2400000|2745600|2745600|2918400|2918400|1017600|1017600|2918400|3513600|33200|27300|0|no
1789993109|2400000|2400000|2400000|1996800|1996800|1555200|1017600|1017600|2918400|3513600|32000|27300|0|no
1789993110|960000|960000|2400000|2400000|2400000|2400000|1017600|1017600|2918400|3513600|32000|27300|0|no
1789993110|2400000|2400000|2400000|2400000|2400000|2400000|1017600|1017600|2918400|3513600|31600|27300|0|no
1789993111|2400000|1785600|1785600|1363200|960000|748800|1017600|1017600|2918400|3513600|32000|27300|0|no
1789993112|1363200|1363200|1363200|1555200|1363200|1363200|1017600|1017600|2918400|3513600|31600|27300|0|no
1789993112|2400000|1996800|1996800|2745600|2400000|2400000|1017600|1017600|2918400|3513600|31600|27300|0|no
1789993113|1555200|1555200|2400000|2400000|2400000|2400000|1017600|1017600|2918400|3513600|31600|27300|0|no
1789993114|2400000|2745600|2745600|2400000|1996800|1996800|2246400|2841600|2918400|3513600|47800|27300|0|no
1789993114|3072000|3072000|3072000|3072000|3072000|3072000|3801600|3513600|2918400|3513600|61000|27300|0|no
1789993115|2918400|2400000|2400000|2400000|2745600|2745600|1401600|1401600|2918400|3513600|39000|27300|0|no
1789993115|2745600|2918400|2918400|2918400|2918400|2745600|1401600|1401600|2918400|3513600|36600|27300|0|no
1789993116|2400000|1996800|1996800|2400000|2400000|2227200|1401600|1401600|2918400|3513600|35900|27300|0|no
1789993117|2227200|2227200|2400000|1996800|1996800|2227200|1401600|1401600|2918400|3513600|34700|27300|0|no
1789993117|2918400|2918400|2918400|2227200|2227200|1996800|3513600|3513600|2918400|3513600|41700|27300|0|no
1789993118|2227200|1996800|1996800|1785600|1996800|2227200|3513600|3513600|2918400|3513600|42400|27400|0|no
1789993118|2400000|2400000|1996800|2400000|2227200|1785600|3513600|3513600|2918400|3513600|48600|27400|0|no
1789993119|2918400|2918400|2918400|2918400|2918400|2918400|3513600|3513600|2918400|3513600|57100|27400|0|no
1789993120|2745600|2745600|2918400|1996800|1996800|2400000|3513600|3513600|2918400|3513600|62500|27400|0|no
1789993120|2918400|2918400|2918400|2918400|2400000|2400000|3513600|3513600|2918400|3513600|50900|27400|0|no
1789993121|2227200|2227200|1785600|1996800|1785600|1996800|3513600|3513600|2918400|3513600|49000|27400|0|no
1789993121|2918400|2918400|1996800|2227200|2227200|1785600|3513600|3513600|2918400|3513600|64100|27400|0|no
1789993122|2227200|1555200|2918400|2918400|2918400|2918400|3513600|3513600|2918400|3513600|59800|27400|0|no
1789993123|2918400|1996800|1996800|1996800|1996800|1363200|3513600|3513600|2918400|3513600|65600|27400|0|no
1789993123|2745600|2745600|1996800|1996800|1555200|1152000|3513600|3513600|2918400|3513600|61000|27400|0|no
1789993124|3072000|1996800|1996800|1555200|1363200|1152000|3801600|3801600|3532800|4320000|55200|27400|0|no
1789993125|2227200|2227200|2227200|2227200|1785600|1785600|3513600|3513600|2918400|3513600|52900|27400|0|no
1789993125|2227200|2227200|2227200|2227200|1996800|1363200|1017600|1017600|2918400|3513600|40100|27400|0|no
1789993126|2918400|2400000|1996800|1785600|1555200|1363200|1017600|1017600|2918400|3513600|37800|27400|0|no
1789993126|2227200|2400000|2400000|2400000|2400000|2745600|1017600|1017600|2918400|3513600|36300|27400|0|no
1789993127|1555200|2400000|2227200|2227200|1555200|2400000|1017600|1017600|2918400|3513600|35500|27400|0|no
1789993128|2400000|2400000|2400000|2400000|2227200|2400000|1017600|1017600|2918400|3513600|35100|27400|0|no
1789993128|1996800|2400000|2400000|2227200|1785600|2400000|1017600|1017600|2918400|3513600|34700|27400|0|no
1789993129|2400000|2227200|2227200|1785600|1363200|1152000|1017600|1017600|2918400|3513600|34700|27400|0|no
1789993130|2400000|2400000|1785600|1785600|2400000|2400000|1017600|1017600|2918400|3513600|34700|27400|0|no
1789993130|2918400|2745600|2745600|2227200|2400000|2400000|3513600|3513600|2918400|3513600|47100|27400|0|no
1789993131|3532800|3532800|3532800|3532800|3532800|3532800|4320000|4320000|3532800|3513600|74100|27400|0|no
1789993132|3532800|3532800|3532800|3532800|3532800|3532800|4320000|4320000|3532800|4320000|84100|27400|0|no
1789993133|2918400|2918400|2918400|2918400|2918400|2918400|3513600|3513600|2918400|3513600|78700|27400|0|no
1789993134|2745600|2745600|2745600|2745600|2745600|2745600|3513600|3513600|2918400|3513600|76400|27400|0|no
1789993134|1555200|1555200|1555200|1555200|1555200|1555200|1958400|1958400|1555200|1958400|59800|27400|0|no
1789993135|3072000|3072000|3072000|3072000|3072000|3072000|3801600|3801600|3072000|3801600|63700|27400|1|no
1789993135|1785600|1555200|1363200|1152000|2400000|2400000|1017600|1017600|3532800|4320000|45900|27400|1|no
1789993136|2400000|2400000|1785600|1785600|2400000|2400000|1017600|1017600|2918400|3513600|42800|27400|1|no
1789993137|2227200|1996800|2227200|1996800|1996800|2227200|1689600|1017600|2918400|3513600|43600|27400|0|no
1789993137|2227200|2227200|2227200|2227200|2400000|2745600|1017600|1017600|2918400|3513600|40900|27400|0|no
1789993138|1555200|1363200|1152000|1996800|2918400|2918400|1017600|1017600|2918400|3513600|39700|27400|0|no
1789993139|2400000|2400000|2400000|2400000|2400000|1996800|1017600|1017600|2918400|3513600|38600|27400|0|no
1789993139|2400000|2745600|2918400|2745600|2745600|2745600|1017600|3513600|2918400|3513600|39300|27400|0|no
1789993140|2227200|2227200|2400000|2400000|2400000|2227200|1017600|1017600|2918400|3513600|37800|27400|0|no
1789993140|2400000|2227200|1996800|1996800|1996800|2227200|3513600|3513600|2918400|3513600|41700|27400|0|no
1789993141|2918400|2918400|2918400|2918400|2918400|2918400|3513600|3513600|2918400|3513600|42400|27400|0|no
1789993142|2745600|2745600|2918400|2918400|2400000|1996800|3513600|3513600|2918400|3513600|43600|27400|0|no
1789993142|1996800|2918400|2227200|2227200|1996800|1996800|3513600|3513600|2918400|3513600|50200|27400|0|no
1789993143|2918400|2918400|2918400|2918400|2918400|2918400|3513600|3513600|2918400|3513600|50500|27400|0|no
1789993143|2918400|2918400|2918400|2227200|2918400|2918400|3513600|3513600|2918400|3513600|53600|27400|0|no
1789993144|2918400|2918400|2227200|2227200|2400000|2400000|3513600|3513600|2918400|3513600|54800|27400|0|no
1789993145|2227200|2227200|2918400|2745600|2745600|2227200|3513600|3513600|2918400|3513600|54400|27400|0|no
1789993145|2918400|2918400|2918400|2918400|2918400|2400000|3513600|3513600|2918400|3513600|54800|27400|0|no
1789993146|2918400|2918400|2227200|2227200|2918400|2918400|3513600|3513600|2918400|3513600|66800|27400|0|no
1789993147|2918400|2918400|2745600|2918400|2918400|2918400|3513600|3513600|2918400|3513600|72200|27400|0|no
1789993147|2400000|2400000|1996800|3072000|3072000|3072000|3801600|3801600|3532800|4320000|66000|27400|0|no
1789993148|1785600|1996800|1996800|2227200|1996800|1996800|3513600|3513600|2918400|3513600|68300|27400|0|no
1789993148|2918400|2918400|2400000|1996800|1996800|2918400|3513600|3513600|2918400|3513600|59800|27400|0|no
1789993149|2918400|2918400|2745600|2745600|2745600|2745600|1017600|1017600|2918400|3513600|42800|27400|0|no
1789993150|2400000|2400000|2400000|2227200|2227200|2227200|1017600|1017600|2918400|3513600|40900|27400|0|no
1789993150|2400000|2400000|2400000|2400000|2227200|2227200|1017600|1017600|2918400|3513600|39700|27400|0|no
1789993151|2400000|2400000|2400000|2400000|2400000|2400000|1017600|1017600|2918400|3513600|39000|27400|0|no
1789993151|2918400|2400000|2400000|2745600|2918400|2918400|1017600|1017600|2918400|3513600|39000|27400|0|no
1789993152|2227200|1555200|1555200|2745600|2400000|2400000|1017600|1017600|2918400|3513600|38200|27400|0|no
1789993153|2400000|2400000|2918400|2745600|2400000|2400000|1017600|1017600|2918400|3513600|37800|27400|0|no
1789993153|2227200|2400000|2400000|2400000|2400000|2400000|1017600|1017600|2918400|3513600|37000|27400|0|no
1789993154|2227200|2227200|2918400|2227200|1785600|1785600|3513600|3513600|2918400|3513600|57500|27400|0|no
1789993154|1785600|1785600|2918400|1996800|1996800|2918400|3513600|3513600|2918400|3513600|57900|27400|0|no
1789993155|2227200|1555200|1785600|1785600|2918400|2745600|3513600|3513600|2918400|3513600|57500|27400|0|no
1789993156|2918400|2918400|2918400|2918400|2918400|2227200|3513600|3513600|2918400|3513600|59400|27400|0|no
1789993156|2918400|2918400|2227200|1785600|1785600|1785600|3513600|3513600|2918400|3513600|60200|27400|0|no
1789993157|2918400|1996800|2227200|2918400|2918400|2918400|3513600|3513600|2918400|3513600|57900|27400|0|no
1789993157|2918400|2918400|2918400|2918400|2918400|2227200|3513600|3513600|2918400|3513600|59400|27400|0|no
1789993158|2918400|2918400|2918400|2918400|2227200|2227200|3513600|3513600|2918400|3513600|59800|27400|0|no
1789993159|2227200|1996800|2227200|1996800|2918400|2918400|3513600|3513600|2918400|3513600|61000|27400|0|no
1789993159|2227200|2227200|1996800|2918400|2918400|2918400|3513600|3513600|2918400|3513600|59400|27400|0|no
1789993160|2400000|2400000|1996800|1555200|1152000|2918400|3513600|3513600|2918400|3513600|60200|27400|0|no
1789993160|2918400|1996800|1996800|1996800|1996800|1555200|3513600|3513600|2918400|3513600|59400|27400|0|no
1789993161|2918400|2745600|2745600|2918400|2918400|2918400|3513600|3513600|2918400|3513600|59800|27400|0|no
1789993162|2400000|2227200|1996800|1996800|1996800|2918400|3513600|3513600|2918400|3513600|61400|27400|0|no
1789993162|2227200|2227200|2400000|2918400|2918400|1996800|3513600|3513600|2918400|3513600|60200|27400|0|no
1789993163|1785600|1785600|1363200|1363200|1152000|1152000|3513600|3513600|2918400|3513600|58700|27400|0|no
1789993164|2918400|2918400|2918400|2745600|2745600|2745600|1017600|1017600|2918400|3513600|41700|27400|0|no
1789993164|960000|2400000|2400000|2400000|2400000|2400000|1017600|1017600|2918400|3513600|39700|27400|0|no
1789993165|2400000|2400000|2400000|2400000|2400000|2400000|1017600|1017600|2918400|3513600|38600|27400|0|no
1789993165|2227200|2227200|2400000|2400000|2400000|2400000|1017600|1017600|2918400|3513600|38600|27400|0|no
1789993166|2745600|2400000|2400000|2918400|2918400|2918400|1017600|1017600|2918400|3513600|38200|27400|0|no
1789993167|748800|960000|1152000|1363200|1363200|2400000|1017600|1017600|2918400|3513600|37000|27400|0|no
1789993167|2918400|2745600|2918400|2918400|2918400|2400000|1017600|1017600|2918400|3513600|37000|27400|0|no
1789993168|1555200|1555200|1363200|1555200|1555200|1785600|1017600|1017600|2918400|3513600|36600|27300|0|no
1789993169|1555200|1555200|2918400|2918400|2918400|2918400|3513600|3513600|2918400|3513600|61000|27300|0|no
1789993169|1152000|1152000|1152000|1152000|1152000|2918400|3513600|3513600|2918400|3513600|64500|27300|0|no
1789993170|1363200|1363200|1152000|1363200|1363200|1555200|3513600|3513600|2918400|3513600|61400|27300|0|no
1789993171|1152000|2918400|2918400|2918400|2918400|2918400|3513600|3513600|2918400|3513600|67900|27300|0|no
1789993171|1363200|1555200|1555200|2918400|2918400|2918400|3513600|3513600|2918400|3513600|69100|27300|0|no
1789993172|960000|960000|960000|1152000|2918400|2918400|1017600|1017600|2918400|3513600|43600|27300|0|no
1789993172|2918400|2918400|2918400|2918400|2918400|2918400|1017600|1017600|2918400|3513600|40100|27300|0|no
1789993173|1996800|1996800|1996800|1996800|1996800|2400000|1017600|1017600|2918400|3513600|38600|27200|0|no
1789993174|2400000|2400000|2400000|2400000|2227200|2227200|1017600|1017600|2918400|3513600|37800|27200|0|no
1789993174|960000|2400000|2400000|2400000|2400000|2400000|1017600|1017600|2918400|3513600|37000|27200|0|no
1789993175|2400000|2400000|1555200|1555200|2745600|2400000|1017600|1017600|2918400|3513600|36600|27200|0|no
1789993176|2400000|2400000|2400000|2400000|2400000|2400000|1017600|1017600|2918400|3513600|36300|27200|0|no
1789993176|2745600|2918400|2400000|2745600|2745600|2918400|1017600|1017600|2918400|3513600|35900|27200|0|no
1789993177|1152000|1152000|1152000|1152000|1363200|1363200|3513600|3513600|2918400|3513600|53200|27200|0|no
1789993178|1152000|1152000|1363200|1363200|1555200|1555200|3513600|3513600|2918400|3513600|55600|27200|0|no
1789993178|1363200|1363200|2918400|2918400|2918400|2918400|3513600|3513600|2918400|3513600|61700|27200|0|no
1789993179|1152000|1363200|1363200|2918400|2918400|2918400|3513600|3513600|2918400|3513600|63700|27200|0|no
1789993179|1152000|1152000|1152000|1152000|1363200|1363200|3513600|3513600|2918400|3513600|67900|27200|0|no
1789993180|1152000|1152000|2918400|2918400|2918400|2918400|3513600|3513600|2918400|3513600|49400|27200|0|no
1789993181|960000|1152000|2918400|2918400|2918400|2745600|1017600|1017600|2918400|3513600|39300|27200|0|no
1789993181|2400000|2400000|2400000|2400000|2745600|2918400|1017600|1017600|2918400|3513600|38200|27200|0|no
1789993182|2400000|2400000|2227200|2227200|1785600|1785600|1017600|1017600|2918400|3513600|37000|27200|0|no
1789993183|2400000|2400000|2745600|1996800|1996800|1555200|1017600|1017600|2918400|3513600|36300|27100|0|no
1789993183|2400000|2400000|2227200|2227200|1996800|1996800|1017600|1017600|2918400|3513600|35900|27100|0|no
1789993184|2400000|2400000|2227200|2227200|2227200|2227200|1017600|1017600|2918400|3513600|35500|27100|0|no
1789993185|1555200|2400000|2745600|2400000|2400000|2400000|1017600|1017600|2918400|3513600|35900|27100|0|no
1789993185|2918400|2918400|2918400|2918400|2918400|2918400|3513600|3513600|2918400|3513600|56300|27100|0|no
1789993186|1363200|1363200|1152000|1152000|1152000|1152000|3513600|3513600|2918400|3513600|55200|27100|0|no
1789993186|1152000|1152000|2918400|2918400|2918400|2918400|3513600|3513600|2918400|3513600|66000|27100|0|no
1789993187|2918400|2918400|2918400|1785600|1785600|1785600|3513600|3513600|2918400|3513600|67500|27100|0|no
1789993188|2918400|2918400|2918400|1785600|1785600|1785600|3513600|3513600|2918400|3513600|64800|27000|0|no
1789993188|1152000|1152000|1152000|1152000|1152000|1152000|3513600|3513600|2918400|3513600|53600|27000|0|no
1789993189|1152000|1152000|1152000|1363200|1363200|2918400|3513600|3513600|2918400|3513600|54000|27000|0|no
1789993190|2918400|2918400|2918400|2918400|1785600|1785600|3513600|3513600|2918400|3513600|56700|27000|0|no
1789993190|1152000|1363200|1363200|2918400|2918400|2918400|3513600|3513600|2918400|3513600|54800|27000|0|no
1789993191|1152000|1152000|1152000|2918400|2918400|2918400|3513600|3513600|2918400|3513600|56700|27000|0|no
1789993191|1152000|1555200|1555200|2918400|2918400|2918400|3513600|3513600|2918400|3513600|54000|27000|0|no
1789993192|1152000|1152000|1152000|1152000|2918400|2918400|3513600|3513600|2918400|3513600|58700|27000|0|no
1789993193|1363200|2918400|2918400|2918400|1555200|1555200|3513600|3513600|2918400|3513600|54400|26900|0|no
1789993193|1152000|1152000|1363200|1363200|1363200|2918400|3513600|3513600|2918400|3513600|57900|26900|0|no
1789993194|960000|960000|960000|748800|748800|960000|1017600|1017600|2918400|3513600|44000|26900|0|no
1789993195|1152000|1363200|1363200|1363200|1363200|1152000|1017600|1017600|2918400|3513600|40100|26900|0|no
1789993195|2400000|2400000|2400000|1555200|2400000|2400000|1017600|1017600|2918400|3513600|39000|26900|0|no
1789993196|960000|960000|748800|2400000|2400000|2400000|1017600|1017600|2918400|3513600|37800|26900|0|no
1789993197|1363200|1363200|1555200|1555200|1555200|1555200|1017600|1017600|2918400|3513600|37800|26900|0|no
1789993197|960000|1152000|1152000|1363200|1363200|1555200|1017600|1017600|2918400|3513600|37000|26900|0|no
1789993198|2400000|2745600|2918400|2400000|2400000|2400000|1017600|1017600|2918400|3513600|36600|26800|0|no
1789993199|2400000|2400000|2400000|2400000|2400000|2400000|1017600|1017600|2918400|3513600|37800|26800|0|no
1789993199|2918400|2918400|2918400|2918400|2918400|2918400|3513600|3513600|2918400|3513600|62900|26800|0|no
1789993200|1152000|1152000|1152000|1152000|1363200|1363200|3513600|3513600|2918400|3513600|63300|26800|0|no
1789993200|1363200|1363200|2918400|2918400|2918400|2918400|3513600|3513600|2918400|3513600|65600|26800|0|no
1789993201|2918400|2918400|2918400|2400000|2400000|2400000|3513600|3513600|2918400|3513600|66000|26800|0|no
1789993202|2918400|2918400|2918400|2745600|2745600|2400000|2246400|2246400|2918400|3513600|44800|26800|0|no
1789993202|1363200|1555200|1555200|1555200|1555200|1555200|1017600|1017600|2918400|3513600|39700|26800|0|no
1789993203|2400000|2400000|2400000|2745600|2918400|2918400|1017600|1017600|2918400|3513600|38600|26800|0|no
1789993204|2400000|2400000|2400000|2400000|1996800|1996800|1017600|1017600|2918400|3513600|38200|26800|0|no
1789993204|2400000|2918400|2400000|2745600|2918400|2918400|1017600|1017600|2918400|3513600|37400|26800|0|no
1789993205|2400000|2400000|2400000|1785600|1785600|1363200|1017600|1017600|2918400|3513600|37000|26800|0|no
1789993206|1555200|1363200|960000|960000|1152000|1152000|1017600|1017600|2918400|3513600|36600|26800|0|no
1789993206|748800|2400000|2400000|2400000|2400000|2400000|1017600|1017600|2918400|3513600|36300|26800|0|no
1789993207|1555200|1555200|2918400|2918400|2918400|2918400|3513600|3513600|2918400|3513600|48600|26800|0|no
1789993208|2918400|2918400|2918400|2918400|2918400|2918400|3513600|3513600|2918400|3513600|69500|26800|0|no
1789993208|2918400|2918400|2918400|1363200|1363200|1363200|3513600|3513600|2918400|3513600|71800|26700|0|no
1789993209|960000|960000|2918400|2918400|2918400|2918400|3513600|3513600|2918400|3513600|69900|26700|0|no
1789993209|960000|2918400|2918400|2918400|2918400|2918400|3513600|3513600|2918400|3513600|73300|26700|0|no
1789993210|2918400|1996800|1996800|1555200|1555200|1152000|3513600|3513600|2918400|3513600|66400|26700|0|no
1789993211|748800|2918400|2918400|2918400|2918400|1363200|3513600|3513600|2918400|3513600|52100|26700|0|no
1789993211|1152000|1152000|1152000|1363200|1363200|1152000|3513600|3513600|2918400|3513600|73700|26700|0|no
1789993212|960000|960000|2918400|2918400|2918400|2918400|3513600|3513600|2918400|3513600|70600|26700|0|no
1789993213|960000|960000|1152000|960000|2918400|2918400|3513600|3513600|2918400|3513600|74500|26600|0|no
1789993213|2918400|2918400|2918400|2227200|2227200|2227200|3513600|3513600|2918400|3513600|75300|26600|0|no
1789993214|960000|1363200|1363200|1555200|1555200|2918400|3513600|3513600|2918400|3513600|71400|26600|0|no
1789993214|1363200|2918400|2918400|2918400|2918400|2918400|3513600|3513600|2918400|3513600|75300|26600|0|no
1789993215|960000|748800|748800|960000|1152000|1152000|3513600|3513600|2918400|3513600|54400|26600|0|no
1789993216|2918400|2918400|2745600|2745600|2745600|2918400|1017600|1017600|2918400|3513600|41300|26600|0|no
1789993216|2400000|2400000|2400000|2918400|2918400|2918400|1017600|1017600|2918400|3513600|39700|26600|0|no
1789993217|2400000|2400000|2918400|2400000|2745600|2745600|1017600|1017600|2918400|3513600|38200|26600|0|no
1789993218|960000|960000|960000|960000|960000|1152000|1017600|1017600|2918400|3513600|37800|26500|0|no
1789993218|2400000|2400000|2227200|2227200|2227200|1996800|1017600|1017600|2918400|3513600|37400|26500|0|no
1789993219|1785600|1785600|1785600|1785600|2227200|2227200|1017600|1017600|2918400|3513600|37400|26500|0|no
1789993220|2400000|2745600|2918400|2745600|2745600|2745600|1017600|1017600|2918400|3513600|37000|26500|0|no
1789993220|2400000|2400000|2400000|1785600|1785600|1996800|3513600|3513600|2918400|3513600|59400|26500|0|no
1789993221|1152000|2918400|2918400|2918400|2400000|2400000|3513600|3513600|2918400|3513600|66400|26500|0|no
1789993222|1785600|1785600|1555200|1555200|1363200|1363200|3513600|3513600|2918400|3513600|59800|26500|0|no
1789993222|1152000|1152000|1152000|1152000|1152000|1363200|3513600|3513600|2918400|3513600|68700|26500|0|no
1789993223|2918400|2918400|2918400|1363200|1363200|1363200|3513600|3513600|2918400|3513600|62100|26500|0|no
1789993223|1152000|1152000|2918400|2918400|2918400|2918400|3513600|3513600|2918400|3513600|66400|26500|0|no
1789993224|1152000|2918400|2918400|2918400|1555200|1555200|3513600|3513600|2918400|3513600|69900|26500|0|no
1789993225|2918400|2918400|1996800|1996800|1996800|1555200|3513600|3513600|2918400|3513600|62500|26500|0|no
1789993225|1152000|2918400|2918400|2918400|1785600|1785600|3513600|3513600|2918400|3513600|69100|26500|0|no
1789993226|1152000|1152000|1152000|1152000|2918400|2918400|3513600|3513600|2918400|3513600|69900|26500|0|no
1789993227|2918400|2918400|2918400|2400000|2400000|2400000|3513600|3513600|2918400|3513600|66400|26500|0|no
1789993227|2918400|2918400|2918400|1785600|1996800|1996800|3513600|3513600|2918400|3513600|70600|26500|0|no
1789993228|1152000|1152000|1152000|1152000|2918400|2918400|3513600|3513600|2918400|3513600|63700|26400|0|no
1789993228|1152000|1152000|1152000|1152000|2918400|2918400|3513600|3513600|2918400|3513600|69500|26400|0|no
1789993229|960000|960000|2918400|2918400|2918400|2227200|1017600|1017600|2918400|3513600|41300|26400|0|no
1789993230|960000|2745600|2918400|2745600|2918400|2918400|1017600|1017600|2918400|3513600|39700|26400|0|no
1789993230|960000|960000|2400000|2400000|2400000|2400000|1017600|1017600|2918400|3513600|38600|26400|0|no
1789993231|2400000|2227200|2227200|2227200|1555200|1555200|1017600|1017600|2918400|3513600|37400|26400|0|no
1789993232|960000|2400000|2400000|2400000|2400000|2400000|1017600|1017600|2918400|3513600|37400|26400|0|no
1789993232|2400000|2400000|2400000|2745600|2400000|2918400|1017600|1017600|2918400|3513600|37000|26400|0|no
1789993233|960000|748800|960000|960000|1363200|2918400|1017600|1017600|2918400|3513600|36600|26400|0|no
1789993234|1152000|1152000|1152000|1152000|1152000|1152000|3513600|3513600|2918400|3513600|54800|26400|0|no
1789993234|1152000|1152000|1363200|1363200|1555200|1555200|3513600|3513600|2918400|3513600|68700|26400|0|no
1789993235|1363200|1555200|1555200|2918400|2918400|2918400|3513600|3513600|2918400|3513600|63300|26400|0|no
1789993236|2918400|2918400|2745600|2745600|2745600|2745600|3513600|3513600|2918400|3513600|81800|26400|0|no
1789993236|1363200|1363200|1363200|1363200|1363200|1363200|1017600|1017600|2918400|3513600|47500|26400|0|no
1789993237|2918400|2918400|2918400|2918400|2918400|2918400|1017600|1017600|2918400|3513600|40500|26400|0|no
1789993237|2400000|2400000|2918400|2918400|2918400|2918400|1017600|1017600|2918400|3513600|39300|26400|0|no
1789993238|1785600|1785600|1363200|1363200|1363200|1363200|1017600|1017600|2918400|3513600|37800|26300|0|no
1789993239|2400000|2400000|1555200|1555200|1152000|960000|1017600|1017600|2918400|3513600|37400|26300|0|no
1789993239|2400000|2400000|2400000|2227200|2227200|2400000|1017600|1017600|2918400|3513600|36600|26300|0|no
1789993240|2400000|2400000|1996800|1996800|1996800|1996800|1017600|1017600|2918400|3513600|36300|26300|0|no
1789993241|960000|960000|960000|2400000|2400000|1555200|1017600|1017600|2918400|3513600|36300|26300|0|no
1789993241|1152000|2918400|2918400|2918400|2918400|2400000|3513600|3513600|2918400|3513600|57900|26300|0|no
1789993242|1363200|1152000|1363200|1363200|1152000|2918400|3513600|3513600|2918400|3513600|63700|26300|0|no
1789993243|1785600|1785600|1785600|1363200|1152000|1152000|3513600|3513600|2918400|3513600|65600|26300|0|no
1789993243|1152000|1152000|1152000|2918400|2918400|2918400|3513600|3513600|2918400|3513600|59000|26300|0|no
1789993244|1363200|1363200|2918400|2918400|2918400|2918400|1017600|1017600|2918400|3513600|39700|26300|0|no
1789993244|748800|960000|2400000|2918400|2918400|2918400|1017600|1017600|2918400|3513600|38600|26300|0|no
1789993245|960000|960000|2400000|2918400|2918400|2745600|1017600|1017600|2918400|3513600|37400|26300|0|no
1789993246|2400000|2400000|1555200|1555200|1363200|1363200|1017600|1017600|2918400|3513600|36600|26300|0|no
1789993246|2400000|2400000|2400000|2400000|2400000|2400000|1017600|1017600|2918400|3513600|36300|26300|0|no
1789993247|748800|2400000|2400000|1785600|1785600|1785600|1017600|1017600|2918400|3513600|35900|26300|0|no
1789993248|1363200|1363200|1785600|1785600|2918400|2918400|1017600|1017600|2918400|3513600|35900|26200|0|no
1789993248|1152000|1152000|1152000|1152000|2918400|2918400|3513600|3513600|2918400|3513600|58300|26200|0|no
1789993249|2918400|2918400|2918400|2918400|2227200|2227200|3513600|3513600|2918400|3513600|48200|26200|0|no
1789993250|1363200|1363200|2918400|2918400|2918400|2745600|3513600|3513600|2918400|3513600|59400|26200|0|no
1789993250|1363200|1152000|2918400|2918400|2918400|2918400|3513600|3513600|2918400|3513600|60600|26200|0|no
1789993251|1152000|1152000|1152000|2918400|2918400|2918400|3513600|3513600|2918400|3513600|60600|26200|0|no
1789993251|2918400|2918400|2918400|1785600|1785600|2918400|3513600|3513600|2918400|3513600|60600|26200|0|no
1789993252|1363200|2918400|2918400|2918400|1785600|1785600|3513600|3513600|2918400|3513600|60600|26200|0|no
1789993253|2918400|2918400|2918400|2745600|2745600|2745600|3513600|3513600|2918400|3513600|61400|26200|0|no
1789993253|1363200|1363200|1363200|1152000|1152000|1152000|3513600|3513600|2918400|3513600|61400|26200|0|no
1789993254|1152000|1152000|1152000|2918400|2918400|2918400|3513600|3513600|2918400|3513600|62500|26200|0|no
1789993255|2918400|2918400|2918400|2918400|2918400|2918400|3513600|3513600|2918400|3513600|62500|26200|0|no
1789993255|1363200|1363200|2918400|2918400|2918400|2918400|3513600|3513600|2918400|3513600|62100|26200|0|no
1789993256|1152000|1152000|1152000|1152000|1152000|1152000|3513600|3513600|2918400|3513600|62100|26200|0|no
1789993256|2918400|2918400|2918400|2918400|2918400|2745600|1017600|1017600|2918400|3513600|41300|26200|0|no
1789993257|2918400|2918400|2745600|2745600|2745600|1996800|1017600|1017600|2918400|3513600|39000|26200|0|no
1789993258|1363200|2400000|2745600|2918400|2918400|2918400|1017600|1017600|2918400|3513600|37800|26200|0|no
1789993258|748800|960000|1152000|2400000|2400000|2400000|1017600|1017600|2918400|3513600|37400|26200|0|no
1789993259|1785600|2400000|2400000|2400000|1785600|1785600|1017600|1017600|2918400|3513600|39000|26200|0|no
1789993260|2400000|2400000|2400000|2400000|2400000|2227200|1017600|1017600|2918400|3513600|37000|26200|0|no
1789993260|2400000|2400000|2918400|2400000|2400000|2918400|1017600|1017600|2918400|3513600|36600|26200|0|no
1789993261|960000|1152000|960000|960000|1152000|1152000|1017600|1017600|2918400|3513600|35900|26200|0|no
1789993262|1152000|1152000|1152000|1152000|1363200|1363200|3513600|3513600|2918400|3513600|67900|26200|0|no
1789993262|2918400|2918400|2918400|2400000|2400000|2400000|3513600|3513600|2918400|3513600|63300|26200|0|no
1789993263|2918400|2918400|2918400|2918400|2918400|2918400|3513600|3513600|2918400|3513600|71400|26100|0|no
1789993264|2918400|2918400|2918400|2918400|2918400|2918400|3513600|3513600|2918400|3513600|71000|26100|0|no
1789993264|1785600|1785600|1555200|1555200|2918400|2918400|3513600|3513600|2918400|3513600|73300|26100|0|no
1789993265|1363200|2918400|2918400|2918400|2745600|2745600|3513600|3513600|2918400|3513600|66800|26100|0|no
1789993265|2918400|2918400|2918400|2918400|2918400|2918400|3513600|3513600|2918400|3513600|74100|26100|0|no
1789993266|2918400|2918400|2918400|2918400|2918400|2918400|3513600|3513600|2918400|3513600|68300|26100|0|no
1789993267|2918400|2918400|2918400|2918400|2918400|2400000|3513600|3513600|2918400|3513600|71400|26100|0|no
1789993267|1363200|1363200|1152000|1152000|1152000|1152000|3513600|3513600|2918400|3513600|74900|26100|0|no
1789993268|2918400|2918400|2918400|2918400|1996800|1996800|3513600|3513600|2918400|3513600|76000|26100|0|no
1789993268|1152000|1152000|1152000|1152000|1555200|1555200|3513600|3513600|2918400|3513600|71800|26100|0|no
1789993269|1363200|1363200|1152000|1152000|1363200|1363200|3513600|3513600|2918400|3513600|69100|26100|0|no
1789993270|2918400|2918400|2918400|2918400|2918400|2918400|3513600|3513600|2918400|3513600|76800|26100|0|no
1789993270|1785600|2918400|2918400|2918400|2918400|2918400|3513600|3513600|2918400|3513600|76000|26100|0|no
1789993271|2918400|2918400|2918400|2918400|1785600|1785600|3513600|3513600|2918400|3513600|77200|26100|0|no
1789993272|1555200|1996800|1996800|1996800|1555200|1555200|3513600|1017600|2918400|3513600|53200|26100|0|no
1789993272|960000|1152000|1152000|1152000|1363200|1363200|1017600|1017600|2918400|3513600|42800|26100|0|no
1789993273|2400000|2918400|2400000|2918400|2918400|2918400|1017600|1017600|2918400|3513600|42000|26100|0|no
1789993274|748800|1363200|1785600|1785600|1996800|1996800|1017600|1017600|2918400|3513600|40100|26100|0|no
1789993274|2400000|2400000|2400000|2400000|2400000|2400000|1017600|1017600|2918400|3513600|39700|26100|0|no
1789993275|1363200|2745600|2745600|2400000|2400000|2400000|1017600|1017600|2918400|3513600|39000|26100|0|no
1789993275|960000|2400000|2918400|2400000|2918400|2918400|1017600|1017600|2918400|3513600|39000|26100|0|no
1789993276|2400000|2400000|1555200|1555200|1363200|1363200|1017600|1017600|2918400|3513600|37800|26100|0|no
1789993277|1152000|1152000|1152000|1152000|2918400|2918400|3513600|3513600|2918400|3513600|60200|26100|0|no
1789993277|1152000|1555200|1555200|1363200|1363200|1152000|3513600|3513600|2918400|3513600|63300|26100|0|no
1789993278|2918400|2918400|2918400|2918400|2918400|2918400|3513600|3513600|2918400|3513600|68300|26000|0|no
1789993279|1152000|2918400|2918400|2918400|1785600|1785600|3513600|3513600|2918400|3513600|65200|26000|0|no
1789993279|1152000|1152000|1152000|1363200|2918400|2918400|3513600|3513600|2918400|3513600|66400|26000|0|no
1789993280|2918400|2918400|2918400|2745600|2745600|2745600|3513600|3513600|2918400|3513600|66800|26000|0|no
1789993280|2227200|2918400|2918400|2918400|2918400|2745600|3513600|3513600|2918400|3513600|67500|26000|0|no
1789993281|2918400|2918400|2918400|1785600|1785600|1152000|3513600|3513600|2918400|3513600|67200|26000|0|no
1789993282|1152000|1152000|1152000|1152000|1152000|1152000|3513600|3513600|2918400|3513600|67500|26000|0|no
1789993282|1152000|1152000|1152000|1152000|2918400|2918400|3513600|3513600|2918400|3513600|67200|26000|0|no
1789993283|1152000|2918400|2918400|2918400|2918400|2918400|3513600|3513600|2918400|3513600|67500|26000|0|no
1789993284|1152000|1152000|2918400|2918400|2918400|2918400|3513600|3513600|2918400|3513600|67200|26000|0|no
1789993284|1152000|1152000|1152000|1152000|1152000|1152000|1017600|1017600|2918400|3513600|43200|26000|0|no
1789993285|2918400|2227200|2227200|2227200|2400000|2400000|1017600|1017600|2918400|3513600|41300|26000|0|no
1789993286|2918400|2918400|2745600|2918400|2918400|2918400|1017600|1017600|2918400|3513600|40500|26000|0|no
1789993286|960000|960000|2400000|2400000|2400000|2400000|1017600|1017600|2918400|3513600|39300|26000|0|no
1789993287|1152000|1152000|2745600|2400000|2400000|2400000|1017600|1017600|2918400|3513600|38600|26000|0|no
1789993287|2400000|2400000|2227200|2227200|2400000|2400000|1017600|1017600|2918400|3513600|38600|26000|0|no
1789993288|2400000|2918400|2400000|2745600|2918400|2745600|1017600|1017600|2918400|3513600|38600|26000|0|no
1789993289|2400000|2400000|1555200|1555200|1363200|2400000|1017600|1017600|2918400|3513600|37800|26000|0|no
1789993289|2918400|2918400|2918400|2918400|2745600|2745600|3513600|3513600|2918400|3513600|64500|26000|0|no
1789993290|2918400|2918400|2918400|2918400|2918400|2918400|3513600|3513600|2918400|3513600|69900|26000|0|no
1789993291|2918400|2918400|2918400|2918400|2918400|2918400|3513600|3513600|2918400|3513600|73700|26000|0|no
1789993291|2745600|2918400|2918400|2918400|2918400|2918400|3513600|3513600|2918400|3513600|69100|26000|0|no
1789993292|2918400|2918400|2918400|2918400|2918400|2918400|3513600|3513600|2918400|3513600|68300|26000|0|no
1789993292|2918400|2918400|2918400|2918400|2918400|2918400|3513600|3513600|2918400|3513600|71800|26000|0|no
1789993293|2918400|2918400|2918400|2918400|2918400|2918400|3513600|3513600|2918400|3513600|72900|26000|0|no
1789993293|2918400|2918400|2918400|2918400|2918400|2918400|3513600|3513600|2918400|3513600|76000|26000|0|no
1789993294|2918400|2918400|2918400|2918400|2918400|2918400|1017600|1017600|2918400|3513600|47500|26000|0|no
1789993295|2918400|2918400|2918400|2918400|2918400|2918400|1017600|1017600|2918400|3513600|45100|26000|0|no
1789993295|2918400|2918400|2918400|2918400|2918400|2918400|1017600|1017600|2918400|3513600|44000|26000|0|no
1789993296|2918400|2918400|2918400|2918400|2918400|2918400|1017600|1017600|2918400|3513600|43200|26000|0|no
1789993296|2918400|2918400|2918400|2918400|2918400|2918400|1017600|1017600|2918400|3513600|42800|26000|0|no
1789993297|2918400|2918400|2918400|2918400|2918400|2918400|1017600|1017600|2918400|3513600|42400|26000|0|no
1789993298|2918400|2918400|2918400|2918400|2918400|2918400|1017600|1017600|2918400|3513600|42400|25900|0|no
1789993298|2918400|2918400|2918400|2918400|2918400|2918400|1017600|1017600|2918400|3513600|42400|25900|0|no
1789993299|2918400|2918400|2918400|2918400|2918400|2918400|3513600|3513600|2918400|3513600|56700|25900|0|no
1789993299|2918400|2918400|2918400|2918400|2918400|2918400|3513600|3513600|2918400|3513600|65600|25900|0|no
1789993300|2918400|2918400|2918400|2918400|2918400|2918400|3513600|3513600|2918400|3513600|66400|25900|0|no
1789993300|2918400|2918400|2918400|2918400|2400000|2400000|3513600|3513600|2918400|3513600|56000|25900|0|no
1789993301|2918400|2918400|1996800|1996800|1996800|1363200|3513600|3513600|2918400|3513600|54000|25900|0|no
1789993302|2918400|2918400|2745600|2745600|2745600|1785600|3513600|3513600|2918400|3513600|64500|25900|0|no
1789993302|2918400|2745600|2745600|2745600|2745600|2745600|3513600|3513600|2918400|3513600|45900|25900|0|no
1789993303|2918400|2918400|2918400|2400000|2400000|2400000|1017600|1017600|2918400|3513600|41700|25900|0|no
1789993304|2918400|2918400|2745600|2745600|2400000|2400000|1017600|1017600|2918400|3513600|40100|25900|0|no
1789993304|2400000|2400000|2400000|2400000|2400000|2400000|1017600|1017600|2918400|3513600|39000|25900|0|no
1789993305|1363200|1363200|1785600|1785600|2227200|2227200|1017600|1017600|2918400|3513600|38600|25900|0|no
1789993306|2400000|2400000|2400000|2918400|2918400|2918400|1017600|1017600|2918400|3513600|38600|25900|0|no
1789993306|2400000|2400000|2400000|2400000|2400000|2400000|1017600|1017600|2918400|3513600|37800|25900|0|no
1789993307|960000|960000|960000|2400000|2400000|2400000|1017600|1017600|2918400|3513600|37400|25900|0|no
1789993307|1555200|1555200|1785600|1785600|1785600|2918400|3513600|3513600|2918400|3513600|65200|25900|0|no
1789993308|1363200|1152000|1152000|1152000|2918400|2918400|3513600|3513600|2918400|3513600|68700|25900|0|no
1789993309|2918400|2918400|2918400|1363200|1363200|1152000|3513600|3513600|2918400|3513600|74500|25900|0|no
1789993309|2918400|2918400|2918400|2745600|2745600|2745600|3513600|3513600|2918400|3513600|59000|25900|0|no
1789993310|1152000|1363200|1363200|1363200|1363200|2918400|3513600|3513600|2918400|3513600|58700|25900|0|no
1789993311|1152000|1152000|1363200|1363200|1152000|1555200|3513600|3513600|2918400|3513600|59800|25900|0|no
1789993311|1152000|1363200|1363200|1555200|1555200|1363200|3513600|3513600|2918400|3513600|61400|25900|0|no
1789993312|1363200|1555200|1555200|1152000|2918400|2918400|3513600|3513600|2918400|3513600|59000|25900|0|no
1789993312|2918400|2918400|2918400|2918400|2918400|2918400|3513600|3513600|2918400|3513600|61400|25900|0|no
1789993313|1996800|1996800|1996800|1555200|1555200|2918400|3513600|3513600|2918400|3513600|62100|25900|0|no
1789993314|1785600|1785600|2918400|2918400|2918400|2918400|3513600|3513600|2918400|3513600|61000|25900|0|no
1789993314|2918400|2918400|2745600|2745600|2745600|2745600|3513600|3513600|2918400|3513600|61000|25900|0|no
1789993315|2918400|2918400|2918400|2918400|2918400|2400000|3513600|3513600|2918400|3513600|63300|25900|0|no
1789993315|1152000|1152000|1152000|2918400|2918400|2918400|3513600|3513600|2918400|3513600|61700|25900|0|no
1789993316|2918400|2918400|2918400|2400000|2400000|2400000|3513600|3513600|2918400|3513600|59000|25900|0|no
1789993317|2918400|2918400|2918400|2918400|2918400|2918400|3513600|3513600|2918400|3513600|62900|25900|0|no
1789993317|2918400|2918400|2918400|2918400|2918400|2918400|3513600|3513600|2918400|3513600|71400|25900|0|no
1789993318|960000|1152000|960000|2918400|2918400|2918400|1017600|1017600|2918400|3513600|44800|25900|0|no
1789993319|1363200|2745600|2400000|2400000|2400000|2400000|1017600|1017600|2918400|3513600|42800|25900|0|no
1789993319|2400000|2400000|2400000|2400000|2400000|2918400|1017600|1017600|2918400|3513600|41700|25900|0|no
1789993320|2918400|2400000|2918400|2918400|2918400|2918400|1958400|1958400|2918400|3513600|47500|25900|0|no
1789993320|960000|2400000|2400000|2400000|2400000|2400000|1017600|1017600|2918400|3513600|41300|25900|0|no
1789993321|2400000|1996800|1996800|2227200|2227200|2400000|1017600|1017600|2918400|3513600|40100|25900|0|no
1789993322|748800|2400000|2400000|2400000|2400000|2400000|1017600|1017600|2918400|3513600|39700|25900|0|no
1789993322|2400000|2745600|2918400|2400000|2745600|2745600|3513600|3513600|2918400|3513600|53200|25900|0|no
1789993323|2918400|2918400|2918400|2918400|2918400|2918400|3513600|3513600|2918400|3513600|77600|25900|0|no
1789993324|2918400|2918400|2918400|2918400|2918400|2918400|3513600|3513600|2918400|3513600|84900|25900|0|no
1789993325|2918400|2918400|2918400|2918400|1555200|1555200|3513600|3513600|2918400|3513600|65200|25900|0|no
1789993325|1363200|1555200|1555200|1785600|1785600|1555200|1017600|1017600|2918400|3513600|46700|25900|0|no
1789993326|2400000|2400000|2400000|2400000|1996800|1996800|1017600|1017600|2918400|3513600|43600|25900|0|no
1789993326|2400000|2400000|2227200|2227200|2227200|2400000|1017600|1017600|2918400|3513600|41700|25900|0|no
1789993327|2400000|2400000|2400000|2400000|2400000|2227200|1017600|1017600|2918400|3513600|40900|25900|0|no
1789993328|2400000|2400000|2918400|2745600|2745600|2745600|1017600|1017600|2918400|3513600|40500|25900|0|no
1789993328|748800|748800|2400000|2400000|2400000|2400000|1017600|1017600|2918400|3513600|39300|25900|0|no
1789993329|2400000|2400000|1785600|1785600|1785600|1785600|1017600|1017600|2918400|3513600|39300|25900|0|no
1789993330|2400000|1555200|2400000|2400000|2400000|2400000|3513600|3513600|2918400|3513600|54400|25900|0|no
1789993330|2918400|2918400|2918400|2918400|2918400|2918400|3513600|3513600|2918400|3513600|78000|25900|0|no
1789993331|2918400|2918400|2918400|2918400|2227200|2918400|3513600|3513600|2918400|3513600|76800|25900|0|no
1789993332|2918400|2918400|2918400|2918400|2918400|2918400|3513600|3513600|2918400|3513600|86500|25900|0|no
1789993332|1363200|1363200|1363200|2918400|2918400|2918400|3513600|3513600|2918400|3513600|84100|25900|0|no
1789993333|2918400|2918400|2918400|2918400|2918400|2400000|3513600|3513600|2918400|3513600|76800|25900|0|no
1789993334|2918400|2918400|2918400|2918400|2918400|2918400|3513600|3513600|2918400|3513600|88800|25900|0|no
1789993334|2400000|1363200|1152000|1152000|1152000|1152000|3513600|3513600|2918400|3513600|71000|25900|0|no
1789993335|2918400|2918400|2918400|2918400|2918400|2918400|3513600|3513600|2918400|3513600|88800|25900|0|no
1789993335|2745600|2745600|2745600|2227200|2227200|2227200|1017600|1017600|2918400|3513600|57100|25900|0|no
1789993336|2918400|2918400|2227200|2227200|1996800|1996800|1017600|1017600|2918400|3513600|49800|25900|0|no
1789993337|1785600|1785600|1785600|1785600|1785600|1152000|1017600|1017600|2918400|3513600|46700|25900|0|no
1789993337|1363200|1363200|1363200|1555200|1555200|2400000|1017600|1017600|2918400|3513600|44800|25900|0|no
1789993338|2918400|2745600|2745600|2745600|2745600|2745600|1017600|1017600|2918400|3513600|44000|25900|0|no
1789993339|2745600|2918400|2918400|2227200|2227200|2227200|1017600|1017600|2918400|3513600|43200|25900|0|no
1789993339|556800|960000|960000|2400000|2400000|2400000|1017600|1017600|2918400|3513600|42400|25900|0|no
1789993340|2400000|2400000|2400000|2400000|2400000|2745600|1017600|1017600|2918400|3513600|42000|25900|0|no
1789993341|2918400|2918400|2918400|2918400|2918400|2918400|3513600|3513600|2918400|3513600|80300|25900|0|no
1789993341|2918400|2918400|2918400|2918400|2918400|2918400|3513600|3513600|2918400|3513600|86900|25900|0|no
1789993342|2918400|2918400|2918400|2918400|2918400|2918400|3513600|3513600|2918400|3513600|89600|25900|0|no
1789993342|2918400|2918400|2918400|2918400|2918400|2918400|3513600|3513600|2918400|3513600|88000|25900|0|no
1789993343|2918400|2227200|2227200|2227200|2400000|2400000|1017600|1017600|2918400|3513600|57100|25900|0|no
1789993344|1785600|1785600|2918400|2918400|2918400|2918400|1017600|1017600|2918400|3513600|49800|25900|0|no
1789993344|960000|960000|1152000|2745600|2400000|2400000|1017600|1017600|2918400|3513600|46300|25900|0|no
1789993345|2400000|2400000|1996800|1996800|1555200|1555200|1017600|1017600|2918400|3513600|45500|25900|0|no
1789993346|2400000|2400000|2745600|2918400|2918400|2918400|1017600|1017600|2918400|3513600|44400|25900|0|no
1789993346|960000|2400000|2400000|1996800|1996800|2745600|1017600|1017600|2918400|3513600|43600|25900|0|no
1789993347|2400000|2400000|2400000|2400000|2227200|2227200|1017600|1017600|2918400|3513600|42800|25900|0|no
1789993348|2227200|2227200|2227200|2227200|2227200|1555200|1017600|1017600|2918400|3513600|41700|25900|0|no
1789993348|2918400|2918400|2918400|2227200|2227200|2918400|3513600|1017600|2918400|3513600|66800|25900|0|no
1789993349|2918400|2918400|2918400|2918400|2918400|2918400|3072000|3513600|2918400|3513600|84900|25900|0|no
1789993350|2918400|2918400|2918400|2918400|2918400|2918400|3513600|3513600|2918400|3513600|83400|25900|0|no
1789993350|2918400|2918400|2918400|2918400|2918400|2918400|3513600|3513600|2918400|3513600|70200|25900|0|no
1789993351|2918400|2918400|2918400|2918400|2918400|2918400|1017600|1017600|2918400|3513600|54000|25900|0|no
1789993351|1785600|2400000|2400000|2400000|2918400|2918400|1017600|1017600|2918400|3513600|48200|25900|0|no
1789993352|748800|748800|2400000|2400000|2400000|2400000|1017600|1017600|2918400|3513600|45500|25900|0|no
1789993353|2400000|2400000|2400000|2400000|2400000|2400000|1017600|1017600|2918400|3513600|44000|25900|0|no
1789993353|2400000|2918400|2918400|2745600|2918400|2918400|1017600|1017600|2918400|3513600|43200|25900|0|no
1789993354|2400000|2400000|1996800|1996800|1996800|1363200|1017600|1017600|2918400|3513600|42000|25900|0|no
1789993355|1785600|1785600|2400000|2400000|2400000|1996800|1017600|1017600|2918400|3513600|42000|25900|0|no
1789993355|960000|960000|2400000|2400000|1996800|1996800|1017600|1017600|2918400|3513600|41300|25900|0|no
1789993356|2918400|2918400|2918400|2918400|2918400|2918400|3513600|3513600|2918400|3513600|81100|25900|0|no
1789993357|2918400|2918400|2918400|2918400|2918400|2918400|3513600|3513600|2918400|3513600|87600|25900|0|no
1789993357|2918400|2918400|2918400|2918400|2918400|2918400|3513600|3513600|2918400|3513600|88000|25900|0|no
1789993358|748800|1363200|1363200|2918400|2918400|2918400|1017600|1017600|2918400|3513600|49400|25900|0|no
1789993359|2400000|2400000|2918400|2918400|2400000|2918400|1017600|1017600|2918400|3513600|46300|25900|0|no
1789993359|1996800|1996800|1363200|1152000|1152000|2400000|1017600|1017600|2918400|3513600|43600|25900|0|no
1789993360|2227200|1785600|1785600|1785600|2400000|2400000|1017600|1017600|2918400|3513600|42800|25900|0|no
1789993360|2400000|2400000|1555200|1555200|2400000|2400000|1017600|1017600|2918400|3513600|41700|25900|0|no
1789993361|960000|2400000|2400000|2918400|2745600|2918400|1017600|1017600|2918400|3513600|41300|25900|0|no
1789993362|2400000|1363200|1363200|1555200|1555200|1363200|1017600|1017600|2918400|3513600|40500|25900|0|no
1789993362|2400000|2400000|1555200|1555200|1152000|2400000|1017600|1017600|2918400|3513600|45100|25900|0|no
1789993363|2918400|2918400|2918400|2918400|2918400|2918400|3513600|3513600|2918400|3513600|83400|25900|0|no
1789993364|2918400|2918400|2918400|2918400|2918400|2918400|1017600|1017600|2918400|3513600|49800|25900|0|no
1789993364|960000|1152000|1152000|2918400|2918400|2918400|1017600|1017600|2918400|3513600|44400|25900|0|no
1789993365|960000|2400000|2400000|1996800|1996800|1785600|1017600|1017600|2918400|3513600|42400|25900|0|no
1789993366|2400000|2400000|2918400|2918400|2918400|2918400|1017600|1017600|2918400|3513600|41700|25900|0|no
1789993366|960000|2918400|2400000|2400000|2745600|2745600|1017600|1017600|2918400|3513600|40500|25900|0|no
1789993367|2400000|2400000|1785600|1785600|1363200|2400000|1017600|1017600|2918400|3513600|40100|25900|0|no
1789993368|960000|2400000|2400000|2400000|2400000|2400000|1017600|1017600|2918400|3513600|39700|25900|0|no
1789993368|556800|748800|960000|960000|2400000|2400000|1017600|1017600|2918400|3513600|39000|25900|0|no
1789993369|2918400|2918400|2918400|2918400|2918400|2918400|3513600|3513600|2918400|3513600|50900|25900|0|no
1789993369|2918400|2918400|2918400|2918400|2918400|2918400|3513600|3513600|2918400|3513600|80300|25900|0|no
1789993370|2918400|2918400|2745600|2745600|2745600|2745600|1017600|1017600|2918400|3513600|45100|25900|0|no
1789993371|2400000|2400000|2400000|2400000|2400000|2400000|1017600|1017600|2918400|3513600|42000|25900|0|no
1789993371|2400000|2745600|2745600|2400000|2745600|2918400|1017600|1017600|2918400|3513600|40900|25900|0|no
1789993372|960000|1152000|2400000|2400000|2400000|2227200|1017600|1017600|2918400|3513600|39700|25900|0|no
1789993373|1363200|960000|960000|2400000|2400000|1363200|1017600|1017600|2918400|3513600|39300|25900|0|no
1789993373|2400000|2400000|2400000|2400000|2400000|2400000|1017600|1017600|2918400|3513600|38600|25900|0|no
1789993374|2400000|2745600|2745600|2745600|2745600|2918400|1017600|1017600|2918400|3513600|39000|25900|0|no
1789993375|960000|2400000|2918400|2918400|2918400|2400000|1017600|1017600|2918400|3513600|38600|25900|0|no
1789993375|2918400|2918400|2918400|2918400|2918400|2918400|3513600|3513600|2918400|3513600|71000|25900|0|no
1789993376|2918400|2918400|2918400|2918400|2918400|2918400|3513600|3513600|2918400|3513600|80300|25900|0|no
1789993377|2918400|2918400|2918400|2918400|2918400|2918400|3513600|3513600|2918400|3513600|82200|25900|0|no
1789993377|2918400|2918400|2918400|2918400|2918400|2918400|3513600|3513600|2918400|3513600|86500|25900|0|no
1789993378|2918400|2918400|2918400|2918400|2918400|2918400|3513600|3513600|2918400|3513600|88400|26000|0|no
1789993378|2918400|2918400|2918400|2918400|2918400|2918400|3513600|3513600|2918400|3513600|89200|26000|0|no
1789993379|2918400|2918400|2918400|2918400|2918400|2918400|3513600|3513600|2918400|3513600|89200|26000|0|no
1789993380|2918400|2918400|2918400|2918400|2918400|2918400|3513600|3513600|2918400|3513600|88400|26000|0|no
1789993380|2918400|2918400|2918400|2918400|2918400|2918400|3513600|3513600|2918400|3513600|88800|26000|0|no
1789993381|2918400|2918400|2918400|2918400|2918400|2918400|3513600|3513600|2918400|3513600|88800|26000|0|no
1789993382|1785600|1785600|1363200|1363200|1555200|1555200|1017600|1017600|2918400|3513600|54800|26000|0|no
1789993382|2400000|2400000|2745600|2745600|1555200|1555200|1017600|1017600|2918400|3513600|49400|26000|0|no
1789993383|1555200|1996800|1996800|2227200|2227200|1363200|1017600|1017600|2918400|3513600|47100|26000|0|no
1789993384|2400000|2400000|1996800|1996800|1555200|1555200|1017600|1017600|2918400|3513600|46300|26000|0|no
1789993384|2400000|2400000|2400000|2400000|2227200|2227200|1017600|1017600|2918400|3513600|45100|26000|0|no
1789993385|1785600|2227200|2227200|2227200|2745600|2745600|1017600|1017600|2918400|3513600|44000|26000|0|no
1789993385|1363200|1555200|1555200|2400000|2400000|2400000|1017600|1017600|2918400|3513600|43200|26000|0|no
1789993386|960000|960000|2400000|2400000|2400000|2400000|1017600|1017600|2918400|3513600|42000|26000|0|no
1789993387|2400000|2400000|2400000|2400000|2400000|2745600|1017600|1017600|2918400|3513600|42000|26000|0|no
1789993387|2400000|2400000|2400000|1996800|1996800|1785600|1017600|1017600|2918400|3513600|41700|26000|0|no
1789993388|1363200|1363200|1785600|1785600|1996800|1996800|1017600|1017600|2918400|3513600|40900|26000|0|no
1789993389|2400000|2400000|2400000|2400000|2918400|2918400|3513600|3513600|2918400|3513600|54000|26000|0|no
1789993389|2918400|2918400|2918400|2918400|1996800|1996800|3513600|3513600|2918400|3513600|49400|26000|0|no
1789993390|2918400|1996800|1785600|1785600|1363200|1555200|3513600|3513600|2918400|3513600|47800|26000|0|no
1789993391|2918400|2918400|2745600|2745600|2227200|2227200|1017600|1017600|2918400|3513600|42000|26000|0|no
1789993391|748800|960000|2400000|2400000|2400000|2400000|1017600|1017600|2918400|3513600|40900|26000|0|no
1789993392|960000|2400000|2400000|1996800|1996800|1996800|1017600|1017600|2918400|3513600|40500|26000|0|no
1789993393|2400000|2400000|2400000|1996800|1996800|1555200|1017600|1017600|2918400|3513600|39700|26000|0|no
1789993393|2400000|1996800|1996800|2227200|2227200|1555200|1017600|1017600|2918400|3513600|39700|25900|0|no
1789993394|2400000|1785600|1785600|1785600|1996800|1996800|1017600|1017600|2918400|3513600|39700|25900|0|no
1789993394|1363200|2400000|2400000|2918400|2918400|2745600|1017600|1017600|2918400|3513600|46700|25900|0|no
1789993395|2400000|1785600|2227200|2227200|2400000|2400000|1017600|1017600|2918400|3513600|39300|25900|0|no
1789993396|2918400|2400000|2400000|1555200|1555200|1363200|1017600|1017600|2918400|3513600|38600|25900|0|no
1789993396|960000|960000|748800|748800|2400000|2227200|1017600|1017600|2918400|3513600|38200|25900|0|no
1789993397|2400000|1996800|1996800|2400000|2400000|2918400|1017600|1017600|2918400|3513600|38200|25900|0|no
1789993398|2400000|2227200|2227200|2227200|2227200|2918400|1017600|1017600|2918400|3513600|39300|26000|0|no
1789993398|2400000|1785600|1785600|1785600|1785600|1555200|1017600|1017600|2918400|3513600|37800|26000|0|no
1789993399|2400000|2400000|2400000|2400000|1785600|1785600|1017600|1017600|2918400|3513600|37400|26000|0|no
1789993400|2745600|2745600|2745600|1996800|1996800|1996800|1017600|1017600|2918400|3513600|38600|26000|0|no
1789993400|2400000|2400000|2400000|2400000|2400000|2918400|1017600|1017600|2918400|3513600|38200|26000|0|no
1789993401|748800|960000|960000|960000|2400000|2400000|1017600|1017600|2918400|3513600|37400|26000|0|no
1789993402|2400000|2400000|2400000|2227200|2227200|2227200|1017600|1017600|2918400|3513600|37400|26000|0|no
1789993402|556800|748800|748800|2400000|2400000|1996800|1017600|1017600|2918400|3513600|37400|26000|0|no
1789993403|2400000|2400000|2400000|2400000|2400000|2400000|1017600|1017600|2918400|3513600|37400|26000|0|no
1789993403|2400000|2400000|2400000|2400000|2400000|2400000|1017600|1017600|2918400|3513600|37400|26000|0|no
1789993404|960000|1152000|1363200|1363200|1363200|1363200|1017600|1017600|2918400|3513600|36600|26000|0|no
1789993405|2400000|2400000|2400000|2400000|2227200|2227200|1017600|1017600|2918400|3513600|37000|26000|0|no
1789993405|960000|2400000|2400000|2400000|1785600|1785600|1017600|1017600|2918400|3513600|37000|26000|0|no
1789993406|2400000|2400000|1555200|1555200|1363200|1152000|1017600|1017600|2918400|3513600|36600|26000|0|no
1789993407|748800|960000|2745600|2400000|2400000|2400000|1017600|1017600|2918400|3513600|36600|26000|0|no
1789993407|2400000|2400000|1996800|1996800|1996800|1996800|1017600|1017600|2918400|3513600|36600|26000|0|no
1789993408|2400000|2400000|2400000|1785600|1785600|1363200|1017600|1017600|2918400|3513600|36600|26100|0|no
1789993409|2400000|2400000|1785600|1785600|1555200|1555200|1017600|1017600|2918400|3513600|35900|26100|0|no
1789993409|748800|960000|1363200|1363200|2400000|2400000|1017600|1017600|2918400|3513600|36300|26100|0|no
1789993410|748800|556800|748800|2400000|2400000|2227200|1017600|1017600|2918400|3513600|35900|26100|0|no
1789993411|960000|2400000|2400000|1363200|1363200|1555200|1017600|1017600|2918400|3513600|36300|26100|0|no
1789993412|2400000|2400000|2400000|2400000|2400000|1785600|1017600|1017600|2918400|3513600|35500|26100|0|no
1789993412|748800|960000|1152000|960000|960000|960000|1017600|1017600|2918400|3513600|35500|26100|0|no
1789993413|960000|1152000|1363200|2400000|2400000|2400000|1017600|1017600|2918400|3513600|35900|26100|0|no
1789993414|960000|1152000|1363200|1363200|1785600|1785600|1017600|1017600|2918400|3513600|35900|26100|0|no
1789993414|2400000|2400000|1785600|1785600|1152000|1152000|1017600|1017600|2918400|3513600|35500|26100|0|no
1789993415|748800|2400000|2400000|2400000|2400000|2400000|1017600|1017600|2918400|3513600|35500|26100|0|no
1789993416|2400000|2400000|2400000|2400000|2400000|2400000|1017600|1017600|2918400|3513600|35500|26100|0|no
1789993416|748800|748800|748800|2400000|2400000|2400000|1017600|1017600|2918400|3513600|35500|26100|0|no
1789993417|2400000|2400000|1996800|1996800|1785600|1785600|1017600|1017600|2918400|3513600|35100|26100|0|no
1789993417|748800|960000|1152000|2400000|2400000|2400000|1017600|1017600|2918400|3513600|35500|26100|0|no
1789993418|2400000|1785600|1785600|1555200|1555200|1555200|1017600|1017600|2918400|3513600|35100|26100|0|no
1789993419|960000|960000|960000|960000|960000|748800|1017600|1017600|2918400|3513600|35100|26100|0|no
1789993419|2400000|2400000|1785600|1785600|2400000|2400000|1017600|1017600|2918400|3513600|34700|26100|0|no
1789993420|1363200|1152000|1363200|1363200|2745600|2400000|1017600|1017600|2918400|3513600|34700|26100|0|no
1789993421|2400000|2400000|2400000|2400000|2400000|2400000|1017600|1017600|2918400|3513600|34700|26100|0|no
1789993421|2400000|2400000|2400000|2400000|1996800|1996800|1017600|1017600|2918400|3513600|35100|26100|0|no
1789993422|556800|748800|960000|2400000|2400000|2400000|1017600|1017600|2918400|3513600|35500|26100|0|no
1789993423|2745600|2745600|2400000|2400000|2400000|2400000|1017600|1017600|2918400|3513600|35100|26100|0|no
1789993423|2400000|2400000|2400000|1555200|1785600|1785600|1017600|1017600|2918400|3513600|34700|26100|0|no
1789993424|2400000|2400000|1785600|1785600|1363200|1363200|1017600|1017600|2918400|3513600|34700|26100|0|no
1789993425|1363200|1363200|1555200|1555200|2918400|2918400|1017600|1017600|2918400|3513600|35100|26100|0|no
1789993425|748800|748800|2400000|2400000|1785600|1785600|1017600|1017600|2918400|3513600|34300|26100|0|no
1789993426|2400000|2400000|2400000|2400000|2400000|2400000|1017600|1017600|2918400|3513600|34700|26100|0|no
1789993427|960000|960000|2400000|2745600|2400000|2400000|1017600|1017600|2918400|3513600|34700|26100|0|no
1789993427|556800|748800|2400000|2400000|2400000|2400000|1017600|1017600|2918400|3513600|34700|26100|0|no
1789993428|748800|748800|2400000|2918400|2918400|2918400|1017600|1017600|2918400|3513600|34700|26200|0|no
1789993429|1363200|1363200|1363200|1152000|1152000|1555200|1017600|1017600|2918400|3513600|34700|26200|0|no
1789993429|2400000|2400000|1785600|1785600|1363200|1555200|1017600|1017600|2918400|3513600|33900|26200|0|no
1789993430|748800|556800|748800|960000|2400000|2400000|1017600|1017600|2918400|3513600|34300|26200|0|no
1789993431|2400000|1996800|1996800|1996800|2227200|2227200|1017600|1017600|2918400|3513600|35100|26200|0|no
1789993431|2400000|2400000|1996800|1996800|1996800|1363200|1017600|1017600|2918400|3513600|33900|26200|0|no
1789993432|2400000|2400000|2400000|2400000|1996800|1996800|1017600|1017600|2918400|3513600|34300|26200|0|no
1789993433|1555200|1555200|1363200|1363200|2400000|2400000|1017600|1017600|2918400|3513600|33900|26200|0|no
1789993433|2400000|2400000|1363200|1363200|1555200|1555200|1017600|1017600|2918400|3513600|33600|26200|0|no
1789993434|2400000|2400000|2400000|2400000|2400000|2400000|1017600|1017600|2918400|3513600|34300|26200|0|no
1789993435|960000|1363200|1363200|1785600|1785600|2227200|1017600|1017600|2918400|3513600|33900|26200|0|no
1789993435|2400000|2400000|1363200|1363200|2400000|2400000|1017600|1017600|2918400|3513600|33900|26200|0|no
1789993436|1785600|2227200|2227200|1785600|1785600|1785600|1017600|1017600|2918400|3513600|33900|26200|0|no
1789993437|556800|748800|960000|1152000|1152000|1152000|1017600|1017600|2918400|3513600|33900|26200|0|no
1789993437|2400000|2400000|2745600|2745600|2745600|2745600|1017600|1017600|2918400|3513600|33900|26200|0|no
1789993438|1363200|1152000|1152000|960000|1152000|1363200|1017600|1017600|2918400|3513600|34300|26200|0|no
1789993438|2400000|2400000|2400000|1785600|2400000|2400000|1017600|1017600|2918400|3513600|34300|26200|0|no
1789993439|2400000|2400000|2400000|2400000|2400000|2400000|1017600|1017600|2918400|3513600|35100|26200|0|no
1789993440|2400000|1996800|1996800|2400000|2400000|1996800|1017600|1017600|2918400|3513600|34700|26200|0|no
1789993440|2400000|1785600|1785600|1996800|1996800|1555200|1017600|1017600|2918400|3513600|33900|26200|0|no
1789993441|1555200|1363200|1363200|1363200|1363200|1363200|1017600|1017600|2918400|3513600|34700|26200|0|no
1789993442|2918400|2918400|2918400|1785600|1785600|1785600|1017600|1017600|2918400|3513600|34300|26200|0|no
1789993442|2400000|2400000|1785600|1785600|1785600|1555200|1017600|1017600|2918400|3513600|33900|26200|0|no
